# Matched by Sabine Bellstedt: sabine.bellstedt@gmail.com, via to file GC_Catalogue_Matcher_1023ARemoval.py
#  	Matched catalogues from files:
# 	/Users/sbellstedt/Dropbox/PhD_Analysis/Data/SLUGGS_GC_RVs/NGC1023_GC.cat
# 	/Users/sbellstedt/Dropbox/PhD_Analysis/Data/SLUGGS_GC_RVs/NGC1023_Cortesi16_Coordinates.txt
# ID_RV, RA, Dec, Vel, VelErr
  NGC1023_S3   39.995810  39.011810   751  20 
  NGC1023_S4   40.213010  39.066240   598  16 
  NGC1023_S5   40.228050  39.098530   778  11 
  NGC1023_S6   40.148190  39.102130   743  14 
  NGC1023_S7   40.081470  39.076890   526  26 
  NGC1023_S8   40.083310  39.077200   447   9 
  NGC1023_S9   40.136410  39.092380   532   5 
 NGC1023_S11   40.127380  39.059400   766  10 
 NGC1023_S12   40.127520  39.050360   613  10 
 NGC1023_S13   40.131370  39.060510   861   8 
 NGC1023_S14   40.131460  39.056490   714  12 
 NGC1023_S16   40.132990  39.048680   715  20 
 NGC1023_S18   40.154310  39.078260   744  11 
 NGC1023_S19   40.055710  39.039850   675  14 
 NGC1023_S20   40.081070  39.023820   811   8 
 NGC1023_S21   40.101400  39.073750   690  10 
 NGC1023_S22   40.103540  39.058210   570   6 
 NGC1023_S23   40.114240  39.063350   567   5 
 NGC1023_S24   40.177660  39.083560   706   5 
 NGC1023_S25   40.110320  39.087540   711  24 
 NGC1023_S26   39.955566  39.012066   558  17 
 NGC1023_S27   40.241921  39.057297   695  23 
 NGC1023_S28   40.085820  39.020740   706  34 
 NGC1023_S29   40.050770  39.060760   481   9 
 NGC1023_S30   40.051840  39.064100   417  12 
 NGC1023_S31   40.062100  39.052590   484  20 
 NGC1023_S33   40.069390  39.060170   528  13 
 NGC1023_S34   40.081190  39.070130   539  15 
 NGC1023_S35   40.140150  39.069970   849  15 
 NGC1023_S36   40.083190  39.061260   472   6 
 NGC1023_S37   40.087000  39.058330   592  14 
 NGC1023_S38   40.110280  39.062680   885  19 
 NGC1023_S39   40.107310  39.054190   626  27 
 NGC1023_S41   40.120620  39.074090   872  19 
 NGC1023_S46   40.176800  39.034090   604   6 
 NGC1023_S47   40.088050  39.015220   665  17 
 NGC1023_S48   40.039290  39.057170   478  15 
 NGC1023_S50   40.044840  39.062670   563   9 
 NGC1023_S51   40.054130  39.074940   431  10 
 NGC1023_S52   40.058980  39.054360   702  21 
 NGC1023_S53   40.068100  39.058030   380  17 
 NGC1023_S54   40.070130  39.064480   638   5 
 NGC1023_S55   39.973640  39.041400   545  13 
 NGC1023_S56   40.201910  39.074160   537  10 
 NGC1023_S57   40.238560  39.086900   504  13 
 NGC1023_S58   40.061720  39.092120   684   7 
 NGC1023_S59   40.079280  39.090970   739   8 
 NGC1023_S60   40.085670  39.082690   420   8 
 NGC1023_S62   40.102300  39.042700   869   5 
 NGC1023_S64   40.123590  39.034520   551  10 
 NGC1023_S65   40.124230  39.057830   893  17 
 NGC1023_S66   40.132620  39.045620   677   9 
 NGC1023_S67   40.141430  39.045220   564  17 
 NGC1023_S68   40.149470  39.076730   870   6 
 NGC1023_S70   40.088810  39.040470   699  14 
 NGC1023_S71   40.093350  39.038040   668   7 
 NGC1023_S72   40.087580  39.074170   737   6 
 NGC1023_S73   40.100430  39.078120   590  12 
 NGC1023_S74   40.112600  39.064570   683  13 
 NGC1023_S75   40.102260  39.051100   465  20 
 NGC1023_S76   40.103760  39.049760   703   9 
 NGC1023_S77   40.024090  39.051630   646   7 
 NGC1023_S78   40.036960  39.043050   713  11 
 NGC1023_S79   40.166360  39.093520   781  14 
 NGC1023_S80   40.184100  39.082110   766   6 
 NGC1023_S81   40.127310  39.077680   747   9 
 NGC1023_S82   40.130330  39.059350   323   8 
 NGC1023_S83   40.113340  39.072870   662   8 
 NGC1023_S84   40.056831  39.110569   892   6 
 NGC1023_S85   40.087799  39.126644   683   8 
 NGC1023_S86   40.256485  39.076706   549  12 
 NGC1023_S87   40.114285  39.118507   764   7 
 NGC1023_S88   40.212242  39.040630   375  13 
 NGC1023_S89   40.081341  39.137505   782  11 
 NGC1023_S91   39.943123  39.057114   579  22 
 NGC1023_S92   40.110996  39.175587   596  12 
 NGC1023_S93   40.222916  39.068741   603   8 
 NGC1023_S94   39.978680  39.088871   719  10 
 NGC1023_S95   40.217800  39.049725   715  13 
 NGC1023_S96   40.004482  39.090591   586  13 
 NGC1023_S97   40.190685  39.046585   742  19 
 NGC1023_S98   40.056725  39.072170   462  17 
 NGC1023_S99   40.074720  39.053480   432  14 
NGC1023_S100   40.085620  39.045170   509  20 
NGC1023_S101   40.135780  39.054200   745  12 
NGC1023_S103   40.091160  39.065750   474  25 
NGC1023_S104   40.101320  39.074310   527   5 
NGC1023_S106   40.093250  39.055570   479   6 
NGC1023_S107   40.124960  39.068180   835  13 
NGC1023_S108   40.079580  39.060120   381  12 
NGC1023_S109   40.115340  39.069100   764  10 
NGC1023_S110   40.044833  39.063917   436  32 
NGC1023_S111   40.124708  39.053500   774  19 
