2.077929450069711095e+02 6.129324621888367375e+01 8.635854331545070295e+01 5.855460059722097377e+00 1.075498024172987499e+02 4.080630074020561437e+00
-7.237385630288085281e+01 2.079643553954745983e+01 -8.430588834756187566e+01 1.133811470186437020e+01 1.025740707976435857e+02 5.039778819630150508e+00
-7.237385630288085281e+01 2.079643553954745983e+01 -8.430588834756187566e+01 1.133811470186437020e+01 1.025740707976435857e+02 5.039778819630150508e+00
1.059668815541306941e+02 4.618204121105821969e+01 8.271481460624204374e+01 8.103137453335120810e+00 9.930805606797466112e+01 4.131402149288142311e+00
8.309814910764941942e+01 4.835338049668371774e+00 1.323721906703194122e+02 1.140972568007026133e+01 1.201344663283605882e+02 5.753375310673533249e+00
8.309814910764941942e+01 4.835338049668371774e+00 1.323721906703193838e+02 1.140972568007026133e+01 1.201344663283605740e+02 5.753375310673554566e+00
9.495816179525006362e+01 1.059340244123105101e+01 1.404335042304274452e+02 1.070560779878719160e+01 8.388086790204307874e+01 4.995186850241971399e+00
8.309814910764941942e+01 4.835338049668371774e+00 1.323721906703193838e+02 1.140972568007026133e+01 1.201344663283605882e+02 5.753375310673533249e+00
1.835172968928565638e+02 5.412430847353883934e+01 9.516680735929476498e+01 5.653725468607635030e+00 9.217505085433910494e+01 3.253355189211823983e+00
-1.475328011702945332e+02 -1.872767517032883688e+01 -8.300361873404104074e+01 1.036248404918075927e+01 9.887345447591076208e+01 5.282099503852599298e+00
1.936234246162971147e+02 5.895826891506811762e+01 9.782692958626736868e+01 5.855460059722098265e+00 9.414186103960342678e+01 3.710365249408425825e+00
-1.374566083859323555e+02 1.963862966089562434e+01 -5.334787185229799178e+01 1.366706023519734536e+01 1.050695483953366960e+02 5.457121787891566100e+00
-1.093154486874297788e+02 -1.317716339255180813e+01 -1.103380642769475060e+02 1.231590258041822672e+01 9.185771606130865052e+01 5.745144136779927635e+00
-8.602137394435486328e+01 -6.476486797625430114e+00 -1.326559412795898822e+02 1.435299908260812884e+01 6.808737034134891530e+01 6.717693608753499745e+00
-7.237385630288085281e+01 2.079643553954745983e+01 -8.430588834756187566e+01 1.133811470186437020e+01 1.025740707976435857e+02 5.039778819630150508e+00
-6.896889815586402506e+01 1.908717117362643378e+00 -1.321211579922873796e+02 1.332035315921348406e+01 6.616917711442390271e+01 6.622337790718830774e+00
-6.896889815586405348e+01 1.908717117362644489e+00 -1.321211579922874080e+02 1.332035315921348761e+01 6.616917711442390271e+01 6.622337790718830774e+00
8.309814910764941942e+01 4.835338049668370886e+00 1.323721906703193838e+02 1.140972568007026133e+01 1.201344663283605740e+02 5.753375310673540355e+00
-1.723006181791339486e+02 5.612727531554980054e+00 -3.057735408873223903e+01 1.121927194329995991e+01 1.128140062226317752e+02 5.384683222688622095e+00
-9.159626563627544726e+01 -1.292735208483636455e+01 -1.194836962550168664e+02 1.364356974772376496e+01 9.028178110781820465e+01 5.879326027363852347e+00
-1.990488343836059641e+02 1.263666225381289809e+00 -1.734278521504059967e+01 1.135008606865343062e+01 1.030594003475665517e+02 5.356062544141146020e+00
2.077929450069711095e+02 6.129324621888367375e+01 8.635854331545070295e+01 5.855460059722097377e+00 1.075498024172987499e+02 4.080630074020561437e+00
-1.164402898484685096e+02 4.918531376014885126e+01 -3.335249970595921809e+01 1.112167522710998924e+01 1.149018711771048658e+02 4.474745675362619579e+00
-8.457894277138768757e+01 4.019871763109375706e+01 -4.729084630304657111e+01 9.661443029593124621e+00 1.123750862068634859e+02 4.351060283167782927e+00
-4.854746619172157551e+01 -2.876341390904129369e+01 -5.823781246579105897e+01 1.164156857923588895e+01 1.519079984727598003e+02 6.153871884481588950e+00
8.309814910764943363e+01 4.835338049668373550e+00 1.323721906703194122e+02 1.140972568007026311e+01 1.201344663283605882e+02 5.753375310673533249e+00
3.607657212319449469e-01 -2.042358165936940395e+01 -2.257856547432364636e+00 9.341894442356954542e+00 1.426338318913153103e+02 5.438474744508198455e+00
-1.990488343836060210e+02 1.263666225381290475e+00 -1.734278521504061032e+01 1.135008606865343417e+01 1.030594003475665517e+02 5.356062544141146020e+00
2.101956261896544333e+02 6.421426296183467741e+01 8.690615874370719496e+01 5.998874602566115044e+00 1.139816213255452908e+02 4.247269810083459163e+00
1.059668815541307083e+02 4.618204121105821969e+01 8.271481460624205795e+01 8.103137453335120810e+00 9.930805606797467533e+01 4.131402149288135206e+00
8.309814910764943363e+01 4.835338049668372662e+00 1.323721906703193838e+02 1.140972568007026311e+01 1.201344663283605882e+02 5.753375310673533249e+00
-6.936831923144983136e+01 -3.225085574930219678e+01 -7.060820051377254458e+01 1.152627209475794423e+01 1.007784203091118087e+02 5.553282639383837704e+00
9.948136024769316066e+01 3.828861766226298613e+01 7.306910021758775997e+01 7.990761012699113763e+00 1.066665833333007782e+02 4.503310066162370617e+00
-7.378340660173017795e+01 2.087343053228174927e+00 -1.314884412172247323e+02 1.332035315921348406e+01 6.609304048082520922e+01 6.524586643272115793e+00
