-4.381323765891525568e+01 1.199545585210585301e+02 6.637836434042124267e+01 6.249690848469403370e+00 9.252852262951138584e+01 5.761909983928198642e+00
-5.774225942568171632e+01 1.443443644624846058e+02 6.595381411027474883e+01 6.318221890124904760e+00 9.249458092234377204e+01 5.742245745645739419e+00
2.679318334868137441e+01 -1.042763921925290589e+02 -2.175392692394646055e+00 1.038724732249621319e+01 1.633824041933524711e+02 8.746608027187335210e+00
3.141935445840066166e+01 3.641844879548345126e+00 6.826558150658023294e+01 7.753408711360285643e+00 1.197364919312403941e+02 6.170871230175201561e+00
2.679318334868136375e+01 -1.042763921925290447e+02 -2.175392692394631844e+00 1.038724732249621319e+01 1.633824041933524995e+02 8.746608027187320999e+00
-1.743499405497049182e+01 7.939453386744668251e+01 6.182173739724079553e+01 7.918886400767110700e+00 1.119448078295728664e+02 6.231715723706962251e+00
-3.137491500988244031e+00 1.619983818022797095e+01 7.021981158341039020e+01 7.357515689672093906e+00 1.070399341367510289e+02 6.887994948232858405e+00
6.618546139795578931e+00 -2.443846282208859222e+01 3.560182919390575051e+01 7.405490665025126873e+00 1.476249978831498595e+02 6.892968655112710508e+00
2.751239415587841464e+01 -8.564622553477963152e+01 2.154948490409950512e+00 9.080158173512684172e+00 1.538185294429770522e+02 7.518811177468222695e+00
-4.709090600385055581e+01 6.738704137436180019e+01 6.394863578580981311e+01 6.533269766875740459e+00 1.192974853045947441e+02 6.479140082597453443e+00
2.975024535015016180e+00 -3.852809260188873708e+01 -9.063621710794539155e+00 8.236065412226203364e+00 1.279732003194418724e+02 7.227070402889438583e+00
-6.476053643775317425e+01 7.264138033401985695e+01 4.247701577856563659e+01 7.937218165356018318e+00 1.130180848360119796e+02 7.414129241416539173e+00
6.814003327811893485e+01 -9.119326898932688152e+01 -6.918046971677807022e-01 1.016627800897715694e+01 1.268287329432885286e+02 8.054555970211531246e+00
-1.859863240792060779e+01 -3.444087293082527257e+00 8.079729229257505096e+01 8.752112996110112064e+00 1.430542816556009313e+02 8.185640456006211707e+00
-2.612773261673833147e+01 -1.727317274262804148e+01 3.031263251655055058e+01 9.801571939599726946e+00 1.540315795543238551e+02 9.305905062547978446e+00
-3.190772499012996732e+01 -4.902101242359670152e+01 8.507629069861133431e+00 9.243857164281253702e+00 1.619594007768613722e+02 8.303623222420625893e+00
-1.446615846049700416e+01 5.830837071029495178e+01 6.376471503780854277e+01 6.548382635821800690e+00 1.220050818613716785e+02 5.883645049679344652e+00
-5.925723946811011444e+01 1.038091454969626994e+02 4.805338367132522848e+01 6.227069085371594426e+00 1.062911567346973669e+02 6.375820095725082126e+00
-4.381323765891524857e+01 1.199545585210585301e+02 6.637836434042124267e+01 6.249690848469403370e+00 9.252852262951138584e+01 5.761909983928198642e+00
-1.748878374853770268e+01 2.976331941750153476e+01 6.806729926563509991e+01 6.915425655435147867e+00 1.286838276552263380e+02 6.629783876471663007e+00
8.092204814018003844e+00 -8.358977610819362525e-01 5.571687555396766811e+01 7.309535496766758733e+00 1.330847380430979285e+02 7.124020023930924594e+00
-4.381323765891525568e+01 1.199545585210585301e+02 6.637836434042125688e+01 6.249690848469403370e+00 9.252852262951138584e+01 5.761909983928198642e+00
-1.660518122635941651e+01 5.148106158492104178e+00 6.885405029512669728e+01 8.057770888151811306e+00 1.323625607942064732e+02 7.956340788095303651e+00
-4.212121835849130491e+01 -3.109324052699462015e+01 1.877967252728475955e+01 1.031612065315403370e+01 1.538749167343397914e+02 9.414940991504550993e+00
-4.286637548006898335e+00 -7.950567592019475605e+00 4.669431617522082689e+01 7.708599954906933505e+00 1.392619384469425086e+02 7.310806652836674857e+00
4.811089180390685227e-01 3.552555014528988409e+01 5.082196689457804695e+01 6.651150542145312095e+00 1.187631676909975198e+02 5.839554407371373657e+00
-2.701204940528379450e-01 2.208098311498508792e+01 7.278001935655129273e+01 7.190216820545840548e+00 1.030451357415768570e+02 6.825413028296672735e+00
-4.842283630863742871e+01 6.901893902819301729e+01 5.930119895772349992e+01 6.667876208153674433e+00 1.111333770745764724e+02 6.386413685280089680e+00
-1.971624339615180022e+00 1.150508761384196710e+01 6.340416458732452298e+01 7.112764400386124564e+00 1.121692471223730792e+02 6.797662298982380946e+00
6.811449754569240156e+01 7.452308230443992443e+01 2.581747091183484599e+01 7.291547421604611223e+00 1.066205772822488456e+02 5.117144983843218142e+00
3.708679909664265040e+01 8.074132056581068184e+01 2.003354450150319011e+01 7.401466878525436499e+00 1.222109958227982105e+02 5.583312994179344457e+00
-1.989657288908920307e+01 -1.939175437136878699e+01 3.426110101409854991e+01 9.830376490290174019e+00 1.485526421845131608e+02 8.971576779101113175e+00
6.609310326230458443e+00 2.740694300059835342e+01 6.972387682855568869e+01 7.030357048128804465e+00 1.021163429623290142e+02 6.691779817516263051e+00
5.719477238867165170e+01 6.331000177246875182e+01 4.205464177199471010e+01 7.174112979004024560e+00 1.085586822875075228e+02 5.384817905042019959e+00
-5.518116419680454499e+01 -8.527504982866330963e+00 5.340980650266742913e+01 9.681041405038659065e+00 1.484242146686314925e+02 8.791337624312319576e+00
4.608108792479836069e+01 7.759569470756461840e+01 2.269261403092221485e+01 7.253265286583321370e+00 1.193123945782666766e+02 4.872013595719188572e+00
-6.397221764552767809e+00 -1.384473651431848040e+01 5.237416354015235243e+01 7.942482175095214814e+00 1.394838341887689808e+02 7.447800485096266243e+00
1.053338680274548125e+02 7.005177456857016693e+01 1.482650849624118372e+01 8.268916920947749105e+00 1.287134025655448113e+02 6.332336056832104987e+00
1.028914121575974860e+02 7.578143731469519651e+01 2.120708259401233420e+01 8.325028871399277719e+00 1.240005947566381650e+02 6.237503729278166986e+00
-4.381323765891525568e+01 1.199545585210585585e+02 6.637836434042125688e+01 6.249690848469403370e+00 9.252852262951140005e+01 5.761909983928191537e+00
-5.518116419680455209e+01 -8.527504982866329186e+00 5.340980650266742913e+01 9.681041405038659065e+00 1.484242146686314925e+02 8.791337624312319576e+00
7.353270125182531558e+01 3.319490196686523831e+01 1.590588355996480630e+01 8.439345494625470678e+00 1.272873128006087029e+02 6.782452927131870979e+00
-1.372745533606422619e+01 3.041639473717346220e+01 5.885115321835543511e+01 6.610751981609153560e+00 1.276894181206884440e+02 6.072791431306661991e+00
9.604727876979313805e+01 8.908897089630765720e+01 -1.528112218551843782e+01 8.247493260329175513e+00 1.207349473019307595e+02 6.112311810481472207e+00
-1.613409121819041303e+01 -1.402430203599372405e+01 5.121517863071645849e+01 8.812412912283111410e+00 1.466828125582543976e+02 8.175294463726714866e+00
8.729131714647148499e+01 6.455936196782576530e+01 2.036814771239237487e+00 8.427245762362193915e+00 1.114401633164632415e+02 6.584909112973861056e+00
-1.853340405723229978e+01 5.349487562076647862e+01 6.140875782264970439e+01 6.840829069827256248e+00 1.236464617366789014e+02 6.162222538988800125e+00
2.333421488562800405e+01 -2.253271727669295643e+01 4.982241411241304974e+01 8.423401971653714071e+00 1.464334661202827874e+02 7.019149654514393433e+00
-4.286637548006899223e+00 -7.950567592019477381e+00 4.669431617522082689e+01 7.708599954906933505e+00 1.392619384469425086e+02 7.310806652836674857e+00
1.480596771157785838e+02 -1.798684326362155872e+01 -3.374461201498633756e+01 8.986957553604581150e+00 1.316816615934048684e+02 7.693323682695776711e+00
-1.961937747280981803e-01 1.343202304968319005e+01 6.748647348807772062e+01 7.259114662141223029e+00 1.084570882884101763e+02 6.796573635279777648e+00
1.435529260893292474e+02 1.314550580506749000e+01 -2.813107788481500648e+01 8.575430041658931302e+00 1.268290581846289626e+02 7.206926570961115885e+00
8.717806799844811394e+01 4.191021405916437459e+01 1.256530930167555837e+01 8.439345494625470678e+00 1.302722054008451948e+02 6.762071824387135166e+00
-4.958349991547789415e+01 -2.328043778696673982e+01 2.199504577933121752e+01 1.048290137335798988e+01 1.473926728165277495e+02 8.612684968496523652e+00
-3.867120938405103914e+01 8.263236985026017223e+00 5.782108759353548777e+01 9.037501581934245465e+00 1.510405491912684965e+02 9.327662916128517168e+00
-1.182503895212692235e+01 -4.679264553175744190e+00 6.669136669456135280e+01 8.340397796715992129e+00 1.349508799526701921e+02 7.917907707661527184e+00
-5.518116419680454499e+01 -8.527504982866329186e+00 5.340980650266742913e+01 9.681041405038659065e+00 1.484242146686314925e+02 8.791337624312319576e+00
1.045463654328940777e+02 -4.196195886355478422e+01 -5.672016760743399288e+01 9.219018376936263692e+00 1.062621640095852769e+02 7.993278932561956651e+00
3.089520942560190875e+01 -2.180054815063202867e+01 4.320105021777291654e+01 8.262411984010146426e+00 1.394029770126879271e+02 6.915493129583197174e+00
3.030175498280658175e+01 -2.640993947382081330e+01 4.258180964001226698e+01 8.067136576034156903e+00 1.370022901268442297e+02 6.431157717154434295e+00
-3.226388458882241572e+00 7.241555234480497916e+01 7.909019671765128123e+01 7.136754158084814392e+00 1.182816553823964654e+02 5.847036560521864601e+00
-1.961937747280981803e-01 1.343202304968319005e+01 6.748647348807772062e+01 7.259114662141223029e+00 1.084570882884101763e+02 6.796573635279777648e+00
2.666855964198784434e+01 -6.299671625400807784e+01 9.877832551899402347e+00 8.347492171333870559e+00 1.403681854979966772e+02 7.035966173538099611e+00
3.660875954614571270e+01 -1.015483836542133957e+02 1.549699802000188420e+00 1.019867882280117755e+01 1.532012646814640391e+02 8.091545574350547554e+00
-6.238722905269165153e+01 1.042979729527570072e+02 4.777804340858450871e+01 6.379070015291137707e+00 1.124026134037816718e+02 7.067978895466744405e+00
4.811089180390678011e-01 3.552555014528988409e+01 5.082196689457803984e+01 6.651150542145312095e+00 1.187631676909975198e+02 5.839554407371373657e+00
4.185904961909390920e+01 -8.131324268182392245e+01 -7.392967282343231972e+00 8.884211537980144513e+00 1.292606958823911043e+02 7.785961513236046017e+00
-5.489870440727128909e+01 1.043504180577332079e+02 5.237546380279061253e+01 6.042765169404767711e+00 1.044765045357088837e+02 6.178456600413724686e+00
