# Taken from the coordinates of the total GC population from Figure 5a of Cortesi et al 2016 ()MNRAS, 456, 2611)
# using the webplotdigitizer tool
# X							Y
28.000000000000114        404.8096192384772
-55.19999999999993        268.5370741482967
-37.60000000000002        230.06012024048113
-124       				 172.34468937875766
-269.5999999999999        98.59719438877767
-341.5999999999999        93.78757515030077
37.60000000000002        199.59919839679378
132        				140.28056112224465
-109.60000000000002        105.01002004008035
-440.79999999999995        -20.040080160320485
-356      				  -77.75551102204406
-407.1999999999998        -181.9639278557114
-293.5999999999999        -183.56713426853707
-215.20000000000005        -40.88176352705398
-178.39999999999998        -71.34268537074138
-171.9999999999999        -21.643286573146156
-140     				   -8.817635270540904
-156        				-0.8016032064126648
-157.5999999999999        2.404809619238563
-138.39999999999986        4.0080160320642335
-124        				32.86573146292602
-130.39999999999998        44.08817635270549
-61.59999999999991        101.80360721442901
-42.39999999999998        71.3426853707416
-48.80000000000007        52.10420841683384
-37.60000000000002        39.27855711422859
-55.19999999999993        26.45290581162334
-87.20000000000005        7.214428857715575
-88.79999999999995        -10.420841683366575
-117.60000000000002        -29.659318637274396
-107.99999999999989        -37.67535070140275
-72.79999999999995        -32.86573146292574
-60       					 -8.817635270540904
-50.39999999999998        -5.611222444889677
-37.60000000000002        -16.833667334669258
-21.600000000000023        -26.452905811623168
-28       				 10.420841683366916
0.7999999999999545        39.27855711422859
-2.400000000000091        55.31062124248507
34.39999999999998        36.07214428857725
40.80000000000007        21.64328657314644
32.80000000000007        7.214428857715575
24.800000000000068        0.8016032064130059
37.60000000000002        2.404809619238563
5.600000000000023        -16.833667334669258
16.800000000000068        -31.262525050100066
8.799999999999955        -47.29458917835666
2.400000000000091        -42.48496993987965
4        				-72.94589178356705
-21.600000000000023        -88.97795591182364
-34.39999999999998        -79.35871743486973
-42.39999999999998        -63.32665330661314
-127.19999999999993        -82.56513026052096
-56.799999999999955        -140.28056112224442
-42.39999999999998        -151.503006012024
-35.999999999999886        -172.3446893787575
63.200000000000045        -103.40681362725445
88.79999999999995        -63.32665330661314
112.79999999999995        -63.32665330661314
88.79999999999995        -52.10420841683356
74.40000000000009        -44.08817635270532
66.39999999999998        -34.46893787575141
64.79999999999995        -20.040080160320485
84        				-24.849699398797497
96.79999999999995        -31.262525050100066
76        				-12.024048096192246
85.59999999999991        -8.817635270540904
66.39999999999998        20.04008016032077
55.19999999999993        40.88176352705426
72.80000000000007        53.7074148296594
109.60000000000002        24.849699398797668
135.20000000000005        48.8977955911825
149.60000000000002        55.31062124248507
213.60000000000002        74.54909819639289
231.19999999999993        68.13627254509032
181.60000000000002        111.42284569138292
212       				 -103.40681362725445
250.39999999999998        -58.51703406813624
309.6        				-80.96192384769529
325.59999999999997        -47.29458917835666
392.8       				 -21.643286573146156
341.6       				 21.64328657314644
312.79999999999995        12.02404809619253
280.79999999999995        39.27855711422859
434.3999999999999        48.8977955911825
384.79999999999995        85.77154308617241
354.3999999999999        129.05811623246507
26.399999999999977        88.97795591182376
98.39999999999998        106.6132264529059