-3.072453207284990384e+01 2.821502672561273357e+02 1.927905393647959542e+01 4.909333309030898818e+00 2.058583007799296922e+02 6.413370501955327541e+00
1.664136275377391172e+01 -4.769971614071883437e+01 -4.562289867213165451e+01 4.099241273471389668e+00 2.409695572058843993e+02 5.348047003097491370e+00
3.203348539904420278e+01 -3.134398909167734004e+01 -2.174516851826031427e+01 4.910864824748944812e+00 1.902370823472647601e+02 6.025103584701298587e+00
5.622157564810126473e+01 1.003159898926148941e+02 1.947569651241334299e+01 3.773170623965805603e+00 2.195609482581089651e+02 4.842590194841520201e+00
5.915347904636952308e+02 2.737148724435831468e+02 6.119064201591620566e+00 5.766214275044933224e+00 1.835370262372146044e+02 6.955787334725869187e+00
-2.183860981688238212e+02 -7.382446256193060208e+01 1.102740150186398722e+02 4.947570340914058562e+00 1.861997516110050981e+02 7.025433182784723840e+00
8.952954073666465007e+00 -8.154505662328097060e+01 -9.340523731207423452e+01 4.367957133840565831e+00 2.330949591904552562e+02 5.057721773792763997e+00
5.389589148313770011e+02 3.651760019885796851e+02 -8.879783850448333737e+00 7.512313156362630195e+00 2.358396224131983843e+02 6.792805937777984582e+00
4.057241376545793798e+01 7.001992680405761860e+01 4.159398868107441416e+00 5.114938764317023434e+00 2.282198720532460641e+02 5.728963647063892495e+00
2.080951147795991929e+01 2.030456930978860157e+02 7.814555113396910713e+01 4.481612590711960387e+00 1.731140881037704560e+02 5.986270131258223159e+00
2.941118377718974486e+01 -2.601142724957837871e+01 -2.975458077141437485e+01 5.095876472666245327e+00 1.715884902899958320e+02 6.849615957613750084e+00
5.869451656591255642e+02 2.232725826480707951e+02 4.684876328268329360e+01 6.356619985679175855e+00 1.780639211070002261e+02 8.543763246018798441e+00
6.649480876517074535e+01 -1.849273653191915798e+02 -1.647203342925671166e+01 5.251545246022584656e+00 1.981212444439011051e+02 5.200141610854743135e+00
-3.008464027288625289e+02 -5.735637831012495980e+01 4.898521464290757166e+01 5.975209258519860178e+00 2.827114429944426206e+02 6.161419455957428681e+00
-1.882521481862702615e+02 2.251759621119708044e+01 1.598231381157003561e+01 4.848913476093903441e+00 2.009917597813402779e+02 5.045139978383630819e+00
1.029194037837638263e+02 2.644041494982860740e+02 6.518230576950729471e+01 6.437488662996423194e+00 2.237495195525567908e+02 6.270624708262502622e+00
-1.953949759877247914e+02 -1.780914015698474628e+01 2.011457608436930755e+01 4.681165185658713312e+00 2.154280854484855467e+02 5.535446788955468378e+00
-2.142340427218149657e+01 -8.346857960405939991e+01 -3.858769503886625785e+01 3.878366599457891972e+00 2.568959468345111645e+02 3.974293875673680532e+00
-1.395147936742844763e+02 -1.552715100255713878e+02 -5.608510759715778171e+00 5.140152629957911223e+00 1.701764598879645405e+02 6.021082834679390317e+00
-1.533939841617167019e+02 8.519616479024826106e+01 8.594398598239164855e+00 5.054524771928553761e+00 2.092714206479231791e+02 5.286475221086590182e+00
-2.471089320006232697e+02 -8.167800075849305586e+01 3.084281511564504541e+01 5.616827961830033189e+00 2.545881919885523530e+02 6.681032294522253778e+00
3.211056183837393263e+01 -2.533777083086334869e+00 -7.664668522895402702e+01 4.484366720811348017e+00 1.742111577942124825e+02 6.268999415194585367e+00
5.919084238586778568e+00 7.210351742866170355e+01 -1.191325399409276997e+02 6.085652252110912208e+00 2.112331413391374042e+02 5.985915861870182653e+00
-2.397478149405866645e+02 -2.702951977778449688e+01 6.409215689931920679e+01 4.961705781470016952e+00 2.733385949696822763e+02 6.110130305019424668e+00
-9.525802665332589569e+00 -8.082070898379535606e+01 -1.147921320320246963e+02 4.229403243326250283e+00 2.372926199863788383e+02 4.409213552078554699e+00
5.704503731478975936e+01 -2.542293428841183243e+02 1.052894973610918186e+02 6.550771661676006552e+00 1.967532973040096351e+02 5.484252918316627756e+00
-3.077387230377635774e+02 1.376691023697398180e+02 -2.212314009527985181e+00 4.689913301098042275e+00 2.709965820817672011e+02 5.552273917219253008e+00
1.931223305714205196e+02 -2.033324139098963883e+02 -1.278153221525681715e+02 5.271461646504033816e+00 1.990204700527058890e+02 6.430181600164061706e+00
4.413703938227049406e+01 -2.197079965264198051e+02 5.731447375531563893e+01 5.655058505496909582e+00 2.022427934439197657e+02 5.396219192028723910e+00
-1.376167985158855345e+02 1.051024292620221701e+02 -1.223544327704424006e+01 6.101263996334354900e+00 2.193627760127045576e+02 5.896302314920362164e+00
2.236624618268153597e+02 -6.700807837494018315e+01 5.175689379878028831e+02 2.351776710069224396e+00 2.977938674653996145e+02 4.996688211161142590e+00
7.790715486874972839e+01 -1.506534944294436684e+02 -2.069909652638906294e+01 5.064193267255024722e+00 2.673241992412957870e+02 6.385561909275565995e+00
3.422006128339536986e+02 3.832933683003737428e+02 3.939448504174396959e+01 8.295784459516937659e+00 2.405332565363883646e+02 6.168619487326907347e+00
1.548356840602380657e+01 2.349298099337412680e+02 3.986548725196496434e+01 5.422694084038059970e+00 2.022897921300034341e+02 6.326100022314790294e+00
-2.008424577949625416e+02 -4.721236699662028968e+01 5.309044979636208694e+01 4.159583845849601502e+00 1.955617229930233520e+02 5.256207075920059424e+00
8.188449743302930983e+01 1.490448425813732456e+02 5.758567156104154350e+01 4.880187824914628436e+00 2.234008952533538945e+02 5.772272610831805650e+00
6.295855894097574890e+01 1.865077952203027678e+02 9.898105143156114138e+01 4.125080086825463788e+00 1.720530368810733535e+02 5.452427224572531372e+00
2.659194914812810566e+02 3.696067926354457427e+02 5.891546897093060409e+01 9.259815236603589739e+00 2.620361186935877527e+02 7.337666501470181402e+00
2.544005307934717734e+02 1.972470565899371593e+02 -4.343133806230755312e+01 6.212585323920484903e+00 2.851885823450861608e+02 5.697515748810474179e+00
-2.175869989405013314e+02 1.972987789955214168e+02 3.847835195583697754e+01 5.106208193172900422e+00 2.333072223485590939e+02 6.984921957588355212e+00
6.688751258745293171e+01 -3.621179823603253567e+02 5.736894638323214934e+01 8.980895216768205458e+00 1.893809586521305732e+02 6.092117757955122670e+00
1.522874185365269639e+01 1.467153740450604289e+02 2.352244589423538912e+01 5.397730660385297696e+00 2.039353819228041687e+02 6.023674434170175118e+00
2.407515126265502658e+01 -3.787408115196939917e+01 9.377258925854157212e+00 4.669556924865950087e+00 2.128251394924951114e+02 5.958634305324309821e+00
1.042995808441765035e+02 1.584741437054848916e+02 8.115571568783073531e+01 4.738786009065621307e+00 2.344580719446443027e+02 5.601487514309624771e+00
-1.407748250692210945e+02 -1.352610824371848253e+02 4.487217827813837090e+01 4.561185095710577286e+00 2.105109498339694483e+02 4.781575661445444325e+00
2.620927812970218724e+02 1.282730675768386277e+02 -9.698316989068318605e+01 6.660417569493185752e+00 2.260825955265022174e+02 5.809438456597362688e+00
1.942980775487687595e+02 -1.151159770926724093e+02 4.423590139124136726e+02 2.127227518183418375e+00 3.196165827988278920e+02 4.890076837797209919e+00
3.410542068180963060e+00 1.649023165116348366e+02 1.162163162996221288e+01 4.966980957190267887e+00 1.979635067379844315e+02 6.000316528681267414e+00
3.523415210805108586e+02 1.532243206426865640e+02 -8.954843708521910628e+01 6.327393874525262696e+00 2.160297375362938226e+02 6.383478575684947032e+00
3.684275297321183018e+01 1.303304890290806100e+02 5.645665283877982432e+01 4.674944298085335959e+00 2.179753369076419176e+02 5.840366015118718224e+00
-8.287172314467964540e+00 -1.276160719175116185e+02 -5.371155464764839849e+01 4.555502330209810324e+00 2.500558887528945888e+02 4.993025086174412763e+00
5.416457315417635527e+02 1.495874391139385295e+02 5.613021624699243972e+01 6.051941935951067109e+00 2.204975056548259431e+02 7.494495386656609526e+00
2.592754522893532112e+02 8.794470922884029207e+00 -5.677193182089224877e+01 5.900542063816423877e+00 2.304387716943483611e+02 5.550796213630874831e+00
2.087307192616442535e+02 2.166083522758301285e+02 3.880530296475901508e+01 7.079039690138944074e+00 2.569365485873895523e+02 5.758630144275485918e+00
2.453109506344008821e+02 2.881898087635418051e+02 6.054445002084739968e+01 8.278074372746289100e+00 2.848680571773535917e+02 6.502440669191685174e+00
2.465236560292263732e+02 3.256479810407259379e+02 6.855901563404975718e+01 8.533523324364402640e+00 2.692810056428043026e+02 6.750840177382599450e+00
3.454018955098548531e+02 3.806219526471448944e+02 3.799331079067152217e+01 8.249131866308289318e+00 2.379702239777069224e+02 5.755366104666762794e+00
2.598750049177351116e+02 2.663699449322240298e+02 4.813549752456405884e+01 7.635710393833622156e+00 2.707955871132319885e+02 5.777195375559927015e+00
6.658244077338267175e+01 -1.289832648136787725e+02 -3.211773219637920107e+01 5.676052937144647537e+00 2.749378975332429604e+02 7.004716653758833900e+00
2.165311771782760104e+02 2.794660780379587095e+02 6.556206361011346928e+01 8.319055833092031449e+00 2.853536402431200827e+02 6.437733158795538202e+00
9.009802564659177904e+01 4.112521541301963168e+01 2.467540740207551764e+01 5.857575190598218740e+00 2.105626985009453165e+02 6.302237692231415167e+00
-2.962652800409108522e+02 4.451101497474416391e+01 1.250645000167939891e+01 5.284888412877834618e+00 2.670332563558329184e+02 6.295924906561623402e+00
-2.513448696005825127e+02 -1.216899585584232000e+02 5.407399302751454684e+01 5.744387884362063268e+00 2.439259057582855519e+02 6.367178033281660987e+00
1.362957609420470639e+01 4.265012967247161555e+02 -3.415249583316858129e+00 9.382857123461603166e+00 2.220608644043339837e+02 8.845868624977313743e+00
-1.340539981620191412e+01 3.594325197760250603e+02 1.424219629318855063e+01 6.864833352970628688e+00 2.432738939960471782e+02 7.406204699383422962e+00
-2.326402530751053632e+02 2.085462091984974506e+02 1.720978378389903796e+01 5.291508994329968907e+00 2.528371560906347213e+02 6.605599738272047716e+00
1.743384671484492969e+02 -1.479360810953112093e+02 -1.130237738618787944e+02 3.994623898427144493e+00 2.340715916124808018e+02 6.395346435091880721e+00
2.800102222720549321e+02 3.517192760774092903e+02 9.800898884701159375e+01 9.009574633061905757e+00 2.647204704967109024e+02 6.752497813719060105e+00
3.048135101767321089e+02 8.571574224419609322e+01 -4.480185157178898692e+01 6.063495482017748905e+00 2.775015810765769402e+02 5.915929891809071250e+00
-9.370784074344999226e+01 -3.943960467444172480e+01 -4.240947177359345233e+01 3.595248818908391986e+00 2.470733899067238326e+02 4.331486683040495222e+00
-3.289107833208367424e+02 4.619824740435652188e+01 4.836467332975212585e+00 5.434919292160758530e+00 2.853565488997930402e+02 5.976634231249988716e+00
2.232038967157626530e+02 -7.200385349231689247e+01 4.852245440975953557e+02 2.283889598325107073e+00 3.135400452892740191e+02 4.937651492987015445e+00
2.856960555211230002e+01 -1.542270532751821577e+01 -6.370584715148472554e+01 4.606799754287904669e+00 1.748229389982905104e+02 6.710711733548251345e+00
1.300249883128091177e+01 1.424663128032583188e+02 4.201302828153867353e+01 5.595242948428266416e+00 2.038765496568940705e+02 6.235959626898207375e+00
5.699729797723093725e+02 2.130740295488715503e+02 3.503135494245290005e+01 6.072831515131452029e+00 1.557666443754888235e+02 8.917901881965576649e+00
-1.622880674396497795e+02 3.548857481377280720e+01 4.425284098593950333e+00 5.549978852455088152e+00 2.091954767675439086e+02 5.564219092482076690e+00
4.995550885925636919e+01 -1.091414141195653542e+02 -4.187612126289827330e+01 4.294576342883495990e+00 2.344682281248357185e+02 5.062707237238171842e+00
1.958806765887156587e+02 -1.107281705032078207e+02 4.371351081469611017e+02 2.088649444380556108e+00 3.075362742832136291e+02 5.014017082348715348e+00
-4.864797529694923384e+01 9.783319588608213735e+01 -1.182794632217653970e+02 6.384224592751933436e+00 2.217211086026767930e+02 5.772738544229511604e+00
-2.244636138027078687e+02 -2.410682240624737904e+00 2.622116886154807247e+01 4.682489824845021964e+00 2.129941959303116903e+02 5.721157568424771966e+00
-2.328879850002978742e+02 -5.845384402460098272e+01 7.207278208732854807e+01 5.653976627363828555e+00 2.493322030945862480e+02 6.523551245905451879e+00
-2.817890715394555627e+02 1.630314720472354395e+02 5.883561000433845223e+00 4.128849573643144311e+00 2.169501037105075909e+02 6.481613893192459841e+00
-2.263411717749748391e+02 8.504660734254748888e+01 -8.553063403049209201e-01 4.387351231038527644e+00 1.945959660424645108e+02 5.606131935362171248e+00
-1.537798741897239267e+02 1.295678844972496790e+02 3.798136950063735640e+01 5.157285234696026066e+00 2.245394119080211510e+02 5.923385531913424984e+00
4.237394911011880261e+00 6.028071102830053718e+01 -9.857229140305251747e+01 5.712782522972455368e+00 1.927177923804649708e+02 5.892543286187603258e+00
2.625497233669651109e+02 -1.022252226631644589e+02 -5.000683884146346792e+00 5.826655945393912184e+00 2.157514542245312725e+02 6.742705087795457075e+00
-1.691019997867486495e+02 -8.232645011629863063e+01 9.814398997589421469e+01 3.854522308212690707e+00 1.849490402786670415e+02 5.080323410333448919e+00
4.221097290041842029e+02 5.442247623141991397e+01 -2.248748355748773520e+01 5.475694983477647604e+00 2.335606773410284234e+02 6.404814148321861467e+00
2.768793693673870280e+02 3.510222255979541046e+02 9.033648432828364605e+01 8.931353153832999325e+00 2.754643534107453320e+02 6.924958877356203857e+00
6.510493777830029671e+01 3.284000208071465750e+02 9.398747971137585466e+01 6.086383430283716756e+00 2.469607812993795903e+02 6.807991411029647111e+00
-2.229488535685746911e+02 -1.298361197434256269e+02 8.062082565978511184e+01 4.933051822059074887e+00 1.713103835148354506e+02 6.000945516635013632e+00
-6.910342849948541755e+01 -5.606102016733686355e+01 -9.071390583021572240e+01 3.092916739046033037e+00 2.568111124932096914e+02 3.965255774021500201e+00
2.049160665333293707e+01 1.179833840676427030e+02 2.709455031602279007e+01 5.657109228983643767e+00 2.058478260754774283e+02 6.034482118394166150e+00
2.530529507126471174e+02 1.212906998701057226e+01 -7.213312305022662940e+01 5.737886132421955665e+00 2.386807700674689841e+02 5.473075778791653079e+00
2.184961679638745125e+02 1.389084800723123578e+02 -7.738950040059437185e+01 5.617165744391527937e+00 2.103913971625266015e+02 5.004514100019662237e+00
2.941118377718974486e+01 -2.601142724957838226e+01 -2.975458077141436419e+01 5.095876472666245327e+00 1.715884902899958320e+02 6.849615957613750084e+00
1.003153661050334833e+01 2.659789313413412515e+02 4.843189383452531871e+01 4.543940900152535711e+00 2.063626661971588305e+02 6.343604130345752878e+00
2.797131887769269198e+01 3.033925388887454346e+02 6.527878150244529820e+01 4.979420211485140690e+00 2.366526727083385424e+02 6.380647712481930967e+00
8.996531840326956342e+01 2.603138778942197007e+01 -3.337239852179269661e+01 6.821871472116162849e+00 2.061597438880830566e+02 7.612709108168118632e+00
-1.323862774465811469e+02 1.042722625994561270e+02 -2.942108979675404612e+01 5.905154804706784333e+00 2.441850527776014417e+02 5.627391791567674773e+00
3.738432447822983704e+02 4.178108237762301655e+02 3.987570171339912406e+01 1.024911782353690448e+01 2.355049681004628042e+02 6.630091095968239756e+00
5.491475735695324545e+01 1.231324144916160037e+02 8.149809903074222461e+01 4.506637543058364059e+00 2.052752785895076784e+02 5.519145050935719610e+00
-6.813472046033321305e+01 -9.260201395211781517e+01 -3.953988277021986164e+01 3.594121439349539759e+00 2.452862154708249989e+02 3.619277795671138165e+00
2.549096506575858996e+02 4.112035006946691738e+02 9.655966061858420346e+01 1.156105421904384478e+01 2.473492672315808250e+02 7.985867294695253804e+00
-7.517330952359328933e+01 2.385513114127497829e+02 3.166845093821786605e+01 4.605210325080515865e+00 2.134310193013189973e+02 6.115625236835100509e+00
-8.797296011180094411e+01 -5.965731578750517627e+01 -8.709773495374830077e+01 3.097310003867194794e+00 2.550532248374836684e+02 3.717937468101084164e+00
3.745140011470294183e+01 -5.522656352843981153e+01 2.118487972651294626e+00 4.363080717017028931e+00 2.290221113779191739e+02 5.382647231585821146e+00
1.862341372236936650e+02 -7.068424557975949085e+01 5.505618127043825325e+02 2.531513265063940921e+00 2.971990704897981459e+02 4.946017849288580237e+00
-6.565737734443199258e+01 -2.428189481693509677e+01 -2.750593536379610526e+01 3.387198011603947734e+00 2.431864048420470397e+02 4.477539129107768190e+00
2.155991601756891214e+02 -5.334616630210737753e+01 5.173297306568092608e+02 2.390375681618746029e+00 3.124260352467444477e+02 4.163841290250331895e+00
1.982202031916420708e+02 -1.591453672090656823e+02 -9.972988831921189501e+01 4.184523345549836293e+00 2.258111157582814883e+02 6.195386701496403248e+00
-2.255555596925668738e+02 2.530249545502990145e+02 -9.590601002098722461e+00 5.179770871552550560e+00 2.637785245238891889e+02 6.918201064059616101e+00
-1.080519132818678862e+01 2.348721866768881910e+02 3.238662462078684712e+01 6.460562605781266399e+00 1.909120216225264244e+02 6.263775857801320512e+00
2.654990490752231267e+02 2.508129560234331734e+02 4.557935623616339171e+01 8.791960231761468236e+00 2.774643941121094599e+02 6.338430139804586361e+00
2.891435233992781946e+02 4.317893085246132614e+02 6.154889745500586429e+01 1.176656354463728960e+01 2.547968749808364350e+02 8.219894142882736787e+00
3.422006128339537554e+02 3.832933683003737997e+02 3.939448504174396959e+01 8.295784459516937659e+00 2.405332565363883646e+02 6.168619487326907347e+00
-6.623956034534741377e+01 -1.200019056884738120e+02 -3.891628994511323469e+01 4.465919495934913108e+00 2.307003250973002082e+02 3.797379914465764728e+00
-4.136157968606651281e+01 1.218548715430548981e+02 -1.136062120485133136e+02 8.034408347672870931e+00 2.215884924809950576e+02 6.099562406496261247e+00
2.059112916356934022e+02 -9.619860754323143226e+01 4.836192716867230388e+02 2.109958756445394101e+00 2.683292520393555378e+02 4.699840277499902186e+00
-1.599242993574894740e+02 -6.061707281613563225e+01 5.215984379976603691e+01 3.517964709337934259e+00 1.921386478561770161e+02 4.954618159913579234e+00
-5.487691631371592882e-01 -7.851839919321642469e+01 -1.028314220124663478e+02 4.413173741346921197e+00 2.294725419304017748e+02 5.011390807378191425e+00
-1.463735008486727018e+01 3.254612395006788574e+02 1.759526732414871830e+01 5.428570038146721899e+00 2.504504741460874300e+02 7.783641859905728211e+00
1.788205779087336822e+01 2.035651412469462684e+02 8.663126032527755171e+01 4.580228625673279375e+00 1.826813824668512893e+02 6.249395353276398168e+00
1.917474647139000581e+02 -7.408725351530033265e+01 5.720157971967370258e+02 2.611151834391785442e+00 2.948968294166622854e+02 5.132488012160052904e+00
6.088934065236267656e+01 -2.052907417335518971e+02 -5.044406436039865049e+00 6.281614188234722285e+00 1.913164590410349604e+02 5.487284467993163162e+00
1.622429684703845254e+01 7.390669537078082385e+01 -8.469355520340559451e+01 6.665949430798733033e+00 2.490686451563102537e+02 6.492735696080757180e+00
4.638384338487931302e+01 1.927546090553970544e+02 6.604480345831947830e+01 4.606696539746860886e+00 1.692044325660530717e+02 5.520821143593749980e+00
-7.497925216529020531e+01 -5.870159688669105691e+01 -9.830575232762164717e+01 3.226736566420013830e+00 2.560106003664691912e+02 3.850233925122040546e+00
-1.782847604802272485e+02 1.606754820078952051e+01 -3.197886502368053829e+00 4.670049342786516178e+00 2.107072079925126502e+02 4.913852104807318710e+00
1.955266240332148868e+02 -9.705467537301689163e+01 4.868846027111070498e+02 2.214666543643933672e+00 3.032001649076068475e+02 5.449788208352799757e+00
6.722938233118784979e+01 -8.394830901029990855e+01 -1.643580914116320741e+02 6.052247629035872656e+00 2.499311705250067632e+02 7.525320085750607291e+00
2.841048422316836053e+01 4.601273541523057276e+01 -5.067378647614813758e+01 6.008376931536075105e+00 2.012755573834041058e+02 6.231124643178290512e+00
-1.027108005956556269e+02 -6.770643891349232035e+01 -4.647083931281618163e+01 3.625564135790123821e+00 2.637902386366864675e+02 3.940578769456919872e+00
3.066132172222647867e+01 2.340224947071546353e+02 4.953187423260551014e+01 5.425613703351059414e+00 1.998473104647645471e+02 6.650966512196291092e+00
-3.666678055728755936e+01 -1.033929638024977464e+02 -1.761529042450021976e+01 5.006043921849814282e+00 2.727613013240697910e+02 4.864993076099551672e+00
4.099036512075554128e+01 1.459274573076987167e+02 4.781513326451270274e+01 4.644250108937564292e+00 2.080998498317574388e+02 5.529666591846861934e+00
2.514206689715401524e+02 4.359914050142726865e+02 6.345547825759005889e+01 1.232034440774152451e+01 2.677577776648140571e+02 8.232271443624767926e+00
2.308685252491601503e+00 1.850366732067352018e+02 3.458215298521478331e+01 4.903234270781119619e+00 2.213843433940169234e+02 6.155956229800878532e+00
-6.623956034534741377e+01 -1.200019056884738404e+02 -3.891628994511323469e+01 4.465919495934913108e+00 2.307003250973002082e+02 3.797379914465764728e+00
5.915347904636952308e+02 2.737148724435831468e+02 6.119064201591615237e+00 5.766214275044933224e+00 1.835370262372146044e+02 6.955787334725869187e+00
4.881689297076313494e+01 -2.775159668070809289e+02 1.074686734181952943e+02 6.190491795929658814e+00 1.650069392480207284e+02 5.518317451690393227e+00
3.145646910583122917e+02 2.857997911899044396e+01 -5.696542585423178906e+01 5.866942191042030963e+00 2.380859928681231850e+02 5.920908354481241531e+00
-2.213243313206299234e+01 -3.320557710884995686e+02 3.185345214607657738e+01 7.222114867647802861e+00 1.493043535868931144e+02 5.554758692208295656e+00
1.943237839002464113e+02 -1.164547603537362050e+02 4.448796910675371805e+02 2.134683011250719797e+00 3.193592452082763771e+02 4.877396389279397226e+00
4.488771300191153557e+01 -2.635081419487630114e+02 1.170176033700318641e+02 6.586304353424468516e+00 1.649383218054555016e+02 5.537639260668711927e+00
-8.236145888951756433e+01 1.099747190545838151e+02 -5.517369556751182103e+01 6.280811643340832084e+00 2.453400904866549013e+02 6.001326378335164691e+00
-1.975374865826121606e+02 -9.458436237057946983e+01 8.008671814789572352e+01 5.049558138751580216e+00 1.392083330839070072e+02 6.927734486310527018e+00
3.203348539904420278e+01 -3.134398909167734359e+01 -2.174516851826032138e+01 4.910864824748945701e+00 1.902370823472647885e+02 6.025103584701284376e+00
1.073666521375276233e+02 5.351771925696266408e+01 5.031938197806600499e+01 5.421862300747159580e+00 1.918901443534815883e+02 5.025146204720584819e+00
5.702961511631191627e+01 1.441019788570032176e+02 6.316236674600065015e+01 4.639203211303211560e+00 1.977659917680489343e+02 5.538972590047109179e+00
-5.675444195082621768e+00 2.997472865706366179e+02 1.700769956732104049e+01 4.993372581787509645e+00 2.229431037282831198e+02 7.004595524267372753e+00
6.684947818017772647e+01 3.569302237684578358e+02 9.983217123890996447e+01 6.543215895829693984e+00 2.322671468374294079e+02 7.153905669796131406e+00
2.042864387257966428e+02 -6.909433794734557921e+01 4.761419807514855620e+02 2.364630993238669543e+00 3.030789459860252464e+02 4.812235903948248961e+00
2.845129880597863803e+02 3.423413473800586644e+02 9.336637692905146935e+01 8.682304184103273315e+00 2.633717714562439483e+02 6.473496870382717816e+00
5.217106284630759774e+02 -1.329698898865674295e+01 2.699685528968506176e+01 6.972599468012010249e+00 2.532937573253632308e+02 7.038956413440047299e+00
5.989339914741688062e+02 2.360699813869927652e+02 2.917858349309189236e+01 6.283036457264357111e+00 1.971959431631391340e+02 8.319575504958748979e+00
5.694430102369763063e+02 3.241090650667586033e+02 1.652444255403115037e+01 6.102737846929633392e+00 1.893269922647058650e+02 6.840182988159739352e+00
5.499722127876726745e+02 2.237438055091653837e+02 4.203445791402885590e+01 5.733904908760475649e+00 1.636502673386144977e+02 7.585995391900794971e+00
5.694430102369765336e+02 3.241090650667587170e+02 1.652444255403114326e+01 6.102737846929635168e+00 1.893269922647058650e+02 6.840182988159739352e+00
5.694430102369764199e+02 3.241090650667586601e+02 1.652444255403114681e+01 6.102737846929634280e+00 1.893269922647058650e+02 6.840182988159739352e+00
5.735342099023794162e+02 2.756945828763915074e+02 2.225943226752578497e+01 6.308547820346900536e+00 1.756380084150352729e+02 7.361019300569381585e+00
5.723797461368463928e+02 2.066312800769171076e+02 4.476526429713249655e+01 6.293132768574588809e+00 1.815767812799863634e+02 8.727471789068857788e+00
5.723797461368463928e+02 2.066312800769171076e+02 4.476526429713248945e+01 6.293132768574587921e+00 1.815767812799863350e+02 8.727471789068871999e+00
5.941440956717533481e+02 4.182297412205682718e+01 -6.068156585037966977e+01 7.829749389918157831e+00 1.939846063480295868e+02 9.173660651497556273e+00
5.294124303403435761e+02 3.761397063853026452e+02 -7.756432001423164024e+00 7.250630159177492651e+00 2.086324219770263824e+02 6.911019827505967328e+00
5.217106284630758637e+02 -1.329698898865673939e+01 2.699685528968503689e+01 6.972599468012009361e+00 2.532937573253632308e+02 7.038956413440047299e+00
6.165025268995320857e+02 1.299341985932247496e+02 9.800105964198422726e+00 6.253420880671786364e+00 2.163692388025617674e+02 8.372276576606253684e+00
6.165025268995319720e+02 1.299341985932247212e+02 9.800105964198413844e+00 6.253420880671784587e+00 2.163692388025617674e+02 8.372276576606239473e+00
5.694430102369764199e+02 3.241090650667586601e+02 1.652444255403114681e+01 6.102737846929634280e+00 1.893269922647058650e+02 6.840182988159739352e+00
5.743698764963453414e+02 3.196281799997846633e+02 1.382265104323828453e+01 6.208644911107113806e+00 1.905047177893503090e+02 7.142208832328790891e+00
5.901137864810049223e+02 2.942507344106348910e+02 6.550762632813168729e+00 6.077603525099815940e+00 1.930976695871806896e+02 7.136012218882996194e+00
5.860315057574115372e+02 4.912326693943243328e+01 -3.858946872487133817e+01 7.560365040701620742e+00 2.495999799679479167e+02 7.684016126197676044e+00
5.743698764963452277e+02 3.196281799997846633e+02 1.382265104323828453e+01 6.208644911107113806e+00 1.905047177893503090e+02 7.142208832328790891e+00
5.743698764963454551e+02 3.196281799997847202e+02 1.382265104323827742e+01 6.208644911107114694e+00 1.905047177893503090e+02 7.142208832328790891e+00
1.579851956537710862e+02 -4.066289206767938254e+02 -1.142807874749281467e+02 6.837752430894163957e+00 1.729754028756690047e+02 5.917046816787134844e+00
6.831542800144602268e+01 -1.695292630389864712e+02 -1.883679167568712742e+01 5.307405856895734964e+00 2.299051108609810967e+02 5.833709827609055765e+00
1.939082152899737252e+02 -1.047307666365738754e+02 4.664793322607336563e+02 2.139042174963747378e+00 2.950975940261119490e+02 5.241539314213099487e+00
1.864876982288521958e+02 -1.110619743508532054e+02 4.510066535054361339e+02 2.151556984649941828e+00 3.170757795858901886e+02 4.964424793118183743e+00
-3.331623502049583863e+01 -9.687842522708091053e+01 -3.557186872742906125e+00 4.544986456605402125e+00 2.630189109170669326e+02 4.292502829997857816e+00
3.807439254735118794e+01 -2.945916467812596693e+02 9.993586952746868235e+01 8.725980861780826103e+00 1.608510102548317775e+02 5.621865547114310857e+00
7.029551857341346022e+01 5.322802053297901637e+01 8.804937492596035753e+00 5.320740440980021191e+00 2.248996387280335512e+02 6.059420782057898691e+00
1.086087826684170352e+02 -4.711166891967549191e+02 -8.134166642152530358e+01 6.734001710079639658e+00 1.869200029424352465e+02 5.753455277350496999e+00
-7.916059457104371866e+00 -1.228978129639671124e+01 -6.244666451440011912e+01 3.551135605157609287e+00 2.060937832638335578e+02 4.902239906970550010e+00
3.138521443730531146e+01 -3.824416758426359593e+02 4.215369855603934468e+01 9.423489669279772940e+00 1.910623654726382767e+02 5.842211209035170327e+00
2.361014219439344330e+01 4.778485928082907463e+01 -3.875456715033470800e+01 5.502707551207375758e+00 2.049696075031613134e+02 5.640340756993296623e+00
2.962332783270817060e+01 6.733532248937859777e+01 -3.976730743668342427e+01 5.780762919570274327e+00 2.258198396952756752e+02 5.780673187362197041e+00
1.712370492456510362e+02 -3.654906223039982933e+02 -1.654684082758152783e+02 6.135996481445464390e+00 1.925594972988868108e+02 5.347127102003369714e+00
3.083927901711524200e+01 2.074690506338973606e+01 1.767389390008219863e+01 4.781754739055929626e+00 1.879863292901906675e+02 6.022368523508035310e+00
1.422705634635864946e+01 1.278140900844115322e+02 1.502774744148953623e+01 5.818405977849646860e+00 2.265851440408218878e+02 6.298321759174129397e+00
8.908650969793599472e+01 -1.439972308132263095e+02 9.835883643350396000e+00 4.645920562657483543e+00 2.735868189441881668e+02 6.232977953443594288e+00
3.890790687339347897e+01 1.265316007131652185e+02 5.372188735207209476e+01 4.609105293742332243e+00 2.172707700083009286e+02 5.734453677208193767e+00
3.203554606940301142e+01 1.167201042962487634e+02 7.663662079053696630e+01 4.970955675091333958e+00 2.120918374195480567e+02 5.890826820905047612e+00
2.783151843771734235e+01 -2.658513478164368493e+01 -2.983201151405158313e+01 5.199555949022523826e+00 1.773894303502889045e+02 7.422904827641715997e+00
5.514580912302534443e+01 -5.123615718167068422e+01 -4.989427719735686395e+01 5.485139760974242051e+00 2.460534240769674739e+02 7.453698368596150203e+00
3.831627373861716990e+01 1.129099109321745402e+02 5.141419327129321459e+01 4.493705151352809679e+00 2.194895213899743283e+02 5.662626416930422124e+00
1.966764959768025989e+01 -7.629169452887838432e+00 -3.753824728238637221e+01 4.103579178937199146e+00 1.965234019143776152e+02 5.821856221647081497e+00
4.626003842261089183e+00 6.486478966973020022e+01 -9.307544340741840472e+01 5.582572490057920334e+00 1.945673148295982458e+02 5.942850203157220790e+00
2.823518770526838750e+01 -1.449905283987951918e+02 -2.638211295705464465e+01 4.124014562442559040e+00 2.480560974860323711e+02 4.703979128838611246e+00
4.054931012913392863e+01 -2.491549625576776634e+02 1.204864261458176316e+02 6.658667781000094266e+00 1.656713614358257018e+02 5.643610644529687193e+00
3.306991381134670149e+01 -1.514172062469499167e+02 3.722960587348539008e+01 4.549457385804700493e+00 2.182219684174808378e+02 4.903598191933227213e+00
1.275670654773533244e+02 -1.647984824272966762e+02 3.327935645427049671e+00 4.027774110141765007e+00 2.364828270720730359e+02 5.505717743844073198e+00
9.914132705864223283e+01 -4.131955629827999701e+02 -2.426301123845988172e+01 6.454927989401945787e+00 2.002302424710113655e+02 5.143203850921565845e+00
5.176017041589235390e+01 1.018698471061477022e+02 2.044508879317500671e+01 3.853957508732255288e+00 2.206202619887847050e+02 4.949911951981732727e+00
6.487871738928686227e+01 -3.375720196991754278e+02 5.127002991835581724e+01 8.042344288588026302e+00 1.849446944359312965e+02 5.661120569532826607e+00
3.162107650459826402e+01 -3.068469556134454024e+01 -2.716211714620193973e+01 4.924093356770552710e+00 1.646360455671843681e+02 6.536718226665669818e+00
9.485857628162928279e+01 -1.017598004751873191e+02 -6.518707603884315915e+01 6.411456304056026845e+00 2.643880623250603321e+02 7.355357496109235171e+00
6.138462490392973336e+01 -3.864399841695420434e+01 -6.185600199407164013e+01 5.194333803826918228e+00 2.089556113149393184e+02 7.133696885951010813e+00
1.184235148529404853e+02 -4.144280881257117244e+02 -3.252935857811337428e+01 6.764902327740392352e+00 1.937215204875286929e+02 5.538775887997502423e+00
2.887235252935326102e+01 1.356138984608854514e+02 3.005458463938553848e+01 5.262195073709855286e+00 2.134330047110802298e+02 5.809839005049767025e+00
4.488771300191152847e+01 -2.635081419487630114e+02 1.170176033700318214e+02 6.586304353424466740e+00 1.649383218054555016e+02 5.537639260668711927e+00
1.741840214293692100e+02 -1.713071796110906462e+02 -8.512601573034609714e+01 4.469837656898262956e+00 2.467669497724523069e+02 5.825957818975368241e+00
5.668030475052132999e+01 -2.456613219309789429e+02 1.076586744350461800e+02 6.836220064265458696e+00 1.969767181674017138e+02 5.563022454460380573e+00
5.582614601020755885e+01 -2.427674209631653355e+02 1.077895371380124203e+02 6.851677338775269632e+00 1.969272708387540547e+02 5.576726339894079842e+00
1.506551401985290681e+02 -4.364412034681284922e+02 -1.139797026193712810e+02 6.226790581532138269e+00 1.729625609778023829e+02 5.737138902237802540e+00
4.925207274979982941e+01 -2.525522249675925934e+02 1.215320227126029238e+02 6.564865896073718510e+00 1.657369225610274555e+02 5.726318475406429798e+00
4.470141248361493780e+01 -1.794672238992877666e+01 -3.015773041202697158e+01 5.202894693628587142e+00 1.772620870349889515e+02 6.953330205410679810e+00
1.162542393868767476e+02 -3.461040851879418057e+01 -7.688058533890736612e+01 8.386371837844709631e+00 2.144805061071984653e+02 8.073544364576193288e+00
-8.349150901712488348e+01 -2.355972861453530243e+01 -4.711250191227081530e+01 3.327992267168719209e+00 2.440402835599073512e+02 4.231244351050847285e+00
-9.235655284302855250e+01 -4.939282155027120069e+01 -6.836204449484705492e+01 3.112981012513260204e+00 2.672958847419840254e+02 3.722039338987116253e+00
-4.815873594672571585e+02 -2.337567407041516390e+02 -1.059018149441611456e+01 6.605242805791977645e+00 2.724272196385669531e+02 6.526930585326169876e+00
3.499956964012356053e+01 1.753164850429348576e+01 -3.953325071160424198e+00 4.913926438629427906e+00 1.923986161592645203e+02 6.002086235709640505e+00
-2.731461382627350076e+02 -1.386903734871563927e+02 -2.293066959488524237e+00 5.768478927003976686e+00 2.440247682101142743e+02 6.540744503312410529e+00
-2.968733308141696057e+02 4.600391509757446329e+01 1.484934452820410655e+01 5.293010621326018850e+00 2.615122320274904268e+02 5.998890750175490894e+00
-5.531306798029925176e+02 -2.186682166579203681e+02 4.912101437949895910e+01 7.290788747901986611e+00 2.866510945382905788e+02 6.901730546835921132e+00
-1.497762254593004911e+02 1.402198444861867017e+02 2.172309126152566350e+01 5.255715383942414221e+00 2.167499711649346636e+02 6.396077299253860815e+00
-2.036197303875290174e+02 -3.928652795952660171e+01 5.130419125077174414e+01 4.133937059034239248e+00 2.243933822553597395e+02 5.012096938744562635e+00
-2.275074165782650937e+02 -8.942150317885554500e+01 8.154778332469801683e+01 4.885646418936775426e+00 2.009444948238194684e+02 6.865187809917699724e+00
-2.241657637984672249e+02 -1.520177759561879611e+02 4.128860239222225914e+01 4.767429434686143885e+00 1.708611717155187932e+02 5.814085219515035874e+00
-2.901004379537114346e+02 -1.164706778255889219e+02 2.756508768468228965e+01 5.930632302056568328e+00 2.762902640340408311e+02 6.413357443128546720e+00
-6.582274955361680213e+01 -5.807365021698554131e+01 -7.158693890764826051e+01 2.960722950789249630e+00 2.680972351591861980e+02 3.583636997595306184e+00
2.856960555211230002e+01 -1.542270532751822110e+01 -6.370584715148471133e+01 4.606799754287904669e+00 1.748229389982905104e+02 6.710711733548251345e+00
-2.020766581631847600e+02 -6.778928503199038857e+01 7.698730179140807195e+01 4.530402035844110387e+00 1.931997606106177443e+02 5.882557214492535991e+00
-1.140604761670568195e+02 -3.056099953505293598e+01 -6.394452203606151386e+01 3.299209384326823091e+00 2.259100706033265737e+02 4.072044897750387804e+00
-1.296712847415375052e+02 1.675482172088495858e+01 -7.062436004660922606e+01 3.522784173350014036e+00 2.000358655341586314e+02 4.461311583174293105e+00
-3.309305313034913638e+02 -1.973760364264761051e+02 -1.699801204521585785e+00 5.655196806131721488e+00 2.392910100693295874e+02 5.835357550033748453e+00
-3.883291680646034649e+01 8.128568707069776167e+01 -8.340651489191584744e+01 6.337743629515205868e+00 2.385502881993648145e+02 6.091146724446218741e+00
-1.513733166657133040e+02 -1.313664561139204352e+02 7.057098482967501241e+01 4.719636374112727850e+00 2.126368912018796209e+02 4.911159271144484251e+00
-3.690959199926845145e+02 -2.353613789227287043e+02 -4.871037792364224828e+01 6.276666168284572578e+00 2.795230714985795544e+02 5.791281124860745422e+00
-9.619615537252133208e+01 -2.447539530751340209e+01 -4.479682278655906913e+01 3.434077039071116833e+00 2.533689947487655445e+02 4.046667616984137794e+00
-2.771075671753050642e+02 -1.427412189229238777e+02 7.556509072001339256e+00 5.627893977266933412e+00 2.542815123047682278e+02 6.130909534662805527e+00
-1.280511274234637824e+02 1.850529112348280236e+01 -7.598081975434179469e+01 3.473510518282207471e+00 2.105228966169713374e+02 4.266684493091858599e+00
-5.250601641983067793e+02 -2.400421522404308234e+02 2.664062193343395535e+01 7.181267262237624571e+00 2.666036149417333263e+02 6.533238207961659327e+00
-1.455321018199623211e+02 -6.434524610238490538e+01 1.711560784993805839e+01 3.630686086195145101e+00 2.202532860140796913e+02 4.301729785725157740e+00
-2.581582973162265944e+02 -2.093232476732456178e+02 -2.069113778949758853e+01 5.838566590459309147e+00 2.085946068334461927e+02 5.699318690503460516e+00
-2.350618179268797689e+02 -1.600542185108163267e+02 3.792658579468821500e+01 5.142696407548403847e+00 1.830064138220297423e+02 5.997767443090936013e+00
-2.412966248688529163e+02 -1.211307728641437649e+02 6.416816805882682218e+01 5.215911833095226768e+00 2.445867688571890142e+02 6.327852153861030615e+00
-1.124091481718010641e+02 3.787770946010369499e+01 -6.721703193662690978e+01 3.993718947157789412e+00 2.103963165076803250e+02 4.485318168089506230e+00
-8.134831423401061556e+01 3.511195916103840631e+01 -7.571742331972447460e+01 4.431477873474460871e+00 2.277870661385320830e+02 5.159950185110020016e+00
-1.091112133040033285e+02 3.552564702098374738e+01 -4.896620245657668136e+01 3.842623624636027024e+00 2.224128143790281058e+02 4.347354648861426085e+00
-6.843220814369395555e+00 5.156079212729004979e+01 -7.606713361712176891e+01 5.697204554209958971e+00 2.372754254026320382e+02 5.855989448632101357e+00
-3.500899230296774078e+01 3.771187003321409748e+01 -1.011180301428591690e+02 5.364991425827996707e+00 2.465586340001095778e+02 5.724004178122640951e+00
8.332293911290905797e+00 1.208417084326046620e+02 -9.454604854534455427e+00 6.832553118355065180e+00 2.223527546490036002e+02 6.307493908957297890e+00
7.073888855087407990e+01 6.572291426292403571e+01 5.911946985724909620e-01 4.714664015511933037e+00 2.256854226572908146e+02 5.693348585627092007e+00
7.130559582222741710e+01 -5.735463082228831411e+01 -1.324388855531360889e+02 6.757523918730801604e+00 2.457864672841041624e+02 8.003507627545616288e+00
-2.384230708204050870e+02 2.123093343094008105e+02 8.119392847861632845e+00 5.517254084292883221e+00 2.612425070695808813e+02 6.925338571302830815e+00
-6.972346446937892850e+00 -1.953168096170668733e+01 -5.943845429916485301e+01 3.655783157458745158e+00 2.083227003953241763e+02 5.008411526910720113e+00
1.475643360889656890e+02 -1.616223936777609822e+02 -6.213517587317551261e+01 3.640023870084196034e+00 2.503460804566350930e+02 5.836909298426405712e+00
1.365654853976654977e+02 -2.261499637635457560e+01 -1.841141067366177708e+01 8.340375934854776574e+00 2.029703118685094694e+02 7.935088993272273683e+00
-1.295319411694803193e+02 8.320742906672305139e+01 1.538468165420743183e+01 5.475681174618380886e+00 2.313139587227714173e+02 5.236558513887018762e+00
1.883884668908126798e+02 -7.573152964772280882e+01 5.412631432124323965e+02 2.480950606290678540e+00 2.925714613560249404e+02 4.956002567147066884e+00
4.805918046897922835e+01 -9.142878770673415545e+01 -8.264245409447885038e+01 5.160382663448344509e+00 2.343453594590684474e+02 5.453263182233030193e+00
-1.193250610291712519e+02 1.099265530993516791e+02 -4.456503424069598651e+01 6.080614888580803346e+00 2.306953564768913907e+02 6.017728179528276655e+00
-1.209931680838389667e+02 1.042400529564851013e+02 -4.047377440120827430e+01 5.969699914147041930e+00 2.316674340514868504e+02 5.978166630983594132e+00
-2.283985626474870045e+01 2.776946574578572680e+01 -1.006733959072636253e+02 4.916600306543721821e+00 2.357331701309767027e+02 5.664835532673649254e+00
2.236624618268153597e+02 -6.700807837494018315e+01 5.175689379878028831e+02 2.351776710069224396e+00 2.977938674653996145e+02 4.996688211161142590e+00
2.162799372840718775e+02 -1.020591493172481421e+02 4.550949541863245145e+02 2.142994942520299428e+00 3.217294826403075945e+02 4.387586575703693370e+00
8.863564892656317795e+01 -1.422633048037035906e+02 1.096734271421966689e+01 4.602812149130729225e+00 2.738103860338391087e+02 6.196018980044328828e+00
7.570539052240150113e+01 -8.240611744857653242e-01 5.725556735907314021e+01 6.128602797235323862e+00 2.109284001740874999e+02 7.525611400541265539e+00
1.954345739441710066e+02 -1.154255935451867430e+02 4.465278559552087927e+02 2.129247820145322212e+00 3.040749044232358074e+02 4.704732601533152092e+00
-1.020643641851956289e+02 5.732213082677346527e+00 -7.189685340726533980e+01 3.448602088347890060e+00 2.346366126588090708e+02 4.375212396943410909e+00
-1.176749767280875858e+02 1.100719041176484154e+02 -2.845140478595685352e+01 6.080614888580803346e+00 2.355787766332103104e+02 6.158796422018582462e+00
2.155991601756891498e+02 -5.334616630210737753e+01 5.173297306568093745e+02 2.390375681618746473e+00 3.124260352467444477e+02 4.163841290250331895e+00
-2.074465216800008420e+02 1.787101537182321920e+02 4.624528785414577925e+01 4.631065136471622878e+00 1.993138479885429319e+02 6.320771182591101933e+00
1.123184026146072227e+02 -4.211125168184193512e+01 -5.280417820064672441e+01 8.480249598835994718e+00 2.082702331107352620e+02 7.975417628534998471e+00
2.179225294738160699e+02 -6.460941971025926023e+01 4.989422759523573632e+02 2.295354874748288143e+00 3.051234176525951511e+02 4.497266959870074743e+00
-1.843092962258927514e+01 2.278423163653627057e+02 1.115315116390855188e+01 6.187532874684947615e+00 2.103708332920702162e+02 6.227046189143251809e+00
2.346635002373724888e+01 -1.262106150395785775e+01 -5.182564188215583556e+01 4.393800747060756962e+00 1.790022625555330933e+02 6.724307146799759494e+00
-1.176749767280875858e+02 1.100719041176484012e+02 -2.845140478595685352e+01 6.080614888580803346e+00 2.355787766332102819e+02 6.158796422018596672e+00
2.132880259715334148e+02 -1.873787371614167796e+02 -1.159309346189706815e+02 5.245832364036223439e+00 2.083865638662915387e+02 6.803159451251787004e+00
2.689106572273946671e+00 6.793499688494942745e+01 -1.003323106805524958e+02 5.596897549331408150e+00 2.152927309502111370e+02 5.744044172271571824e+00
1.907704927728056816e+02 -1.212949019415121228e+02 4.020032769299569395e+02 2.029289909364356603e+00 3.271625895483772979e+02 4.649266881534288132e+00
-9.690797534466287777e-01 2.250258015598628276e+02 4.504486243801032685e+01 5.583384028065453641e+00 1.874870662205796066e+02 5.993530587214337402e+00
2.162799372840719343e+02 -1.020591493172481563e+02 4.550949541863245713e+02 2.142994942520299873e+00 3.217294826403075945e+02 4.387586575703693370e+00
-6.795883549067224294e+01 8.087250973954213862e+01 -7.743122298033149775e+01 5.906589796430322892e+00 2.289314908438766736e+02 5.884314299692050554e+00
1.158699847271174406e+02 3.360339767775118958e+01 7.102877200126843604e+01 6.618697072155947048e+00 2.326007899814615882e+02 6.348379462991317723e+00
-1.625450742619305800e+02 1.220166006508160308e+02 5.473288687808282305e+01 5.059058016890610965e+00 2.081031655213346312e+02 5.826631071738972878e+00
1.970676962420072869e+02 -1.105961947069066014e+02 4.335833714812977746e+02 2.077566481511488039e+00 3.087720194577221946e+02 5.025760539209130684e+00
2.115147547019771253e+02 -8.741342851533599401e+01 5.150627532516606379e+02 2.332133008805308272e+00 2.662141806891586384e+02 4.957396399840234835e+00
-2.722972653761472657e+02 1.824284855337596127e+02 -4.574287804569865834e+00 4.433002556937658767e+00 2.550874163889704960e+02 6.488983713123616326e+00
1.959478895780565892e+02 -1.146623960698969853e+02 4.443279119871813236e+02 2.124794921151649696e+00 3.053842006391292898e+02 4.791111087238959954e+00
-1.670317537432989070e+02 2.187164402327221921e+02 7.566290256687457472e+00 4.351082711357795674e+00 2.322829309269193914e+02 6.658806828583678339e+00
-3.447223952899756938e+01 8.599130485121933987e+01 -9.658132205950589366e+01 6.569037378386979320e+00 2.331114540300411591e+02 6.030579316477968632e+00
1.724565079017450273e+02 -8.193687502290087821e+01 5.716648320387429294e+02 2.559053412170570585e+00 3.137018130326951564e+02 5.311519772851710286e+00
7.604400905275620914e+01 -3.304689351100648764e+01 -1.507807914925199988e+01 5.906582352230319799e+00 2.184600650004480826e+02 7.173089773192657503e+00
-4.185177347151629590e+01 1.982251660897980994e+00 -6.621255935572030182e+01 4.681145816994330744e+00 1.993419424004893017e+02 5.186703173164957548e+00
-2.340489323337585574e+02 2.748505823908208185e+02 8.022923708336762161e+00 5.428439307550050330e+00 2.606688080687829370e+02 6.435244919607100655e+00
-2.638213554719038711e+02 1.506504590779140358e+02 1.569880859467293277e+01 3.925840779761140542e+00 1.977446522665024986e+02 6.129352424760384110e+00
1.719566321524254704e+02 -7.425821577091355152e+01 5.790614951988028452e+02 2.681024708683831914e+00 3.063110306534846359e+02 5.324972431214803237e+00
3.403326660030814423e+02 -1.028221417874375021e+02 -2.661379698506567593e+01 8.401283234520294130e+00 2.569162509457118517e+02 7.554307322826389282e+00
3.943788905920700927e+01 -7.683302097735227676e+01 -5.302491318860625569e+01 4.904510541803301038e+00 2.252627965288542953e+02 5.229282201960799625e+00
-2.829513895025270926e+02 1.658746810726614456e+02 -2.146618246010844722e+00 4.101102140100900684e+00 2.515904608684518280e+02 6.201066862327053286e+00
-1.675848569883601158e+02 2.187439314188392245e+02 5.269887104808261391e+00 4.355487442256270825e+00 2.446944012436737239e+02 6.781175423089848664e+00
2.056917288485552433e+02 -1.658871454131198959e+02 -1.278887441772283040e+02 4.900790688010890683e+00 2.184864927175133289e+02 7.046937556309870843e+00
-8.106527474741430694e+01 -8.989849953942847804e+00 -9.855059242938378361e+01 3.764130510767633719e+00 1.838505915138703131e+02 4.889769573828317561e+00
-9.364776333584154600e+01 1.238110949223622015e+02 -5.473786020437483302e+01 6.742567280443934941e+00 2.336472982938172436e+02 5.925536186436872299e+00
1.832945078064776681e+02 -1.143513824051726715e+02 4.359854275254364779e+02 2.083644598182953889e+00 3.123871756330595417e+02 4.898115492486112998e+00
5.246700307230319282e+01 -2.798439665144955235e+00 -3.505828991674773931e+01 4.473290955718798756e+00 1.898976303169684172e+02 6.462510022680831412e+00
-1.117990892342858018e+02 3.051030381596928009e+02 2.956932551520721120e+01 4.622366899707347265e+00 2.145578010700147047e+02 6.583941845639373014e+00
1.919671574603046054e+02 -9.628984479659881401e+01 4.935532774166797481e+02 2.287334708913332015e+00 3.217903471206058725e+02 5.834877720202570117e+00
-1.303429164157889772e+02 -1.111591188800445167e+02 8.693283759418802958e+01 4.643280729391475958e+00 2.088675656965437213e+02 4.681992821426788964e+00
1.568987778926593524e-01 4.172676383127222834e+02 -3.384624654891347006e+01 9.085822537388244413e+00 2.250709388170760690e+02 8.962295488599053783e+00
-1.404656077464885016e+02 4.093330997642947295e+02 -3.607520435362091149e+01 7.633323785645935722e+00 2.500276534705711242e+02 8.263916624211645967e+00
2.220585683624359774e+02 4.394696409518349469e+02 5.717619676500376613e+01 1.157743803312004083e+01 2.666457200106538608e+02 8.125540480503957497e+00
7.153664552143749233e+01 4.276990003424297129e+02 8.625210897874605109e+01 9.257020169895552542e+00 2.278330309678559331e+02 8.425219014157349307e+00
1.362957609420470284e+01 4.265012967247160987e+02 -3.415249583316854576e+00 9.382857123461604942e+00 2.220608644043339552e+02 8.845868624977342165e+00
-1.446452222572841038e+02 3.781395334962126640e+02 -4.217886543594315896e+01 7.390584081141276407e+00 2.567227833675850093e+02 8.428527078519806537e+00
-2.590929254209693227e+02 3.217284354364723526e+02 -3.302457449112404930e+01 7.002758534851250438e+00 2.485007243450207568e+02 7.133700312252202025e+00
-3.042602048887060846e+02 2.107302367174113442e+02 -1.361814113501274015e+01 5.034814574465072745e+00 2.521982305647682665e+02 6.025125491215021611e+00
-1.518617245278871337e+02 3.639333644253101170e+02 -2.103938391391659835e+01 7.197502492046225164e+00 2.552520078275585433e+02 6.802032131533820802e+00
-2.590929254209693227e+02 3.217284354364722958e+02 -3.302457449112404930e+01 7.002758534851250438e+00 2.485007243450207852e+02 7.133700312252187814e+00
-5.540341570236117832e+02 -1.514210168477951299e+02 6.647759440952962962e+01 7.375730588787202002e+00 3.412523406513133182e+02 6.689612601301064387e+00
-5.675521723693346985e+02 -1.781638369225389340e+02 2.887821331798834734e+01 7.604739168920268355e+00 3.206387375224646803e+02 6.837443842980718500e+00
-5.714190441606419881e+02 -2.112347085676367158e+02 6.340169938352583046e+01 7.534947459703035477e+00 3.000650721093676907e+02 7.104146088601851261e+00
-5.674627573388871724e+02 -1.197737859001323812e+02 4.205654081923288601e+01 7.602702800514492765e+00 2.865950802089945455e+02 7.058903056412873411e+00
-1.522723440635689087e+02 -2.899301746801754689e+02 4.954958789645777983e+01 6.325435282929365854e+00 1.963681427828862525e+02 6.093790592776713311e+00
1.043582645732557381e+02 -4.459801849546442440e+02 -2.914047230361504504e+01 5.929383059431543757e+00 2.022830875283447938e+02 5.208993963664212856e+00
-3.445090768071917182e+02 -2.844939422363677295e+02 1.474851909203133893e+01 6.685023258697978754e+00 2.174561737454239392e+02 6.131272780735514516e+00
-4.205600535814423893e+02 -2.976959133088692511e+02 2.894058078119717692e+01 7.220207080467365479e+00 2.775259041963470281e+02 6.427302395714605154e+00
-2.213243313206299234e+01 -3.320557710884995686e+02 3.185345214607657738e+01 7.222114867647802861e+00 1.493043535868931144e+02 5.554758692208295656e+00
-9.852906004400276174e+01 -4.041568196367819610e+02 1.066952780414060982e+02 8.337982244038554924e+00 1.938425843306882825e+02 6.221400256368411874e+00
-4.581836425720822490e+02 -2.768911411037417452e+02 2.083393002307447262e+01 7.912013414641080544e+00 2.920382680403374707e+02 6.969950557784073908e+00
-1.281376222646878773e+02 -2.765530569058317951e+02 4.033117152039512376e+01 6.675829007651777225e+00 1.865530688570949280e+02 5.993539108244064550e+00
2.238184432221460440e+01 -3.864759453469458776e+02 4.692674289034331991e+01 9.646843650102184142e+00 1.943518716143479708e+02 6.011184876562509771e+00
6.688751258745293171e+01 -3.621179823603253567e+02 5.736894638323214934e+01 8.980895216768205458e+00 1.893809586521305732e+02 6.092117757955122670e+00
-3.191811664397628761e+02 -2.981826528318295573e+02 1.523526141742497586e+01 6.309496074160062307e+00 2.165979859093800428e+02 5.982293789903465608e+00
-3.651998277368380741e+02 -2.875054197475451474e+02 -2.603353857239220304e+00 6.401908138737903542e+00 2.701742539547394131e+02 5.858649387159914568e+00
3.925158586047456932e+00 -4.327585735958907094e+02 3.672765137257514567e+01 7.696536163065634817e+00 1.882734447552282973e+02 5.119546316106138306e+00
-1.930240507966545138e+01 -3.934028799257783362e+02 6.931897215837322790e+01 9.047540743721681267e+00 1.630783247399849927e+02 6.416067718956739441e+00
-2.565131910368837111e+02 -2.927335103218268841e+02 -5.257538299232558998e+00 6.617185636722152431e+00 2.197397551650588241e+02 5.968738603956524003e+00
4.054931012913393573e+01 -2.491549625576776066e+02 1.204864261458176742e+02 6.658667781000095154e+00 1.656713614358257018e+02 5.643610644529687193e+00
4.881689297076313494e+01 -2.775159668070809289e+02 1.074686734181952943e+02 6.190491795929658814e+00 1.650069392480207284e+02 5.518317451690393227e+00
-5.509347774246895142e+02 -2.621926192131190874e+02 9.375041710772119075e+01 7.803842659209125010e+00 2.878898183333338920e+02 7.009908162890326366e+00
-4.751213197672721549e+02 1.306304397919462978e+01 5.619867126991755413e+01 6.147514235077258249e+00 2.948966937759730058e+02 6.563298369766641827e+00
-5.439411773020535747e+02 -2.189888253389900683e+02 2.884952465330210813e+01 7.155050781065845023e+00 3.175248769781669012e+02 6.675682495773003211e+00
-5.492263748192452795e+02 -1.867451594758392446e+02 1.559828429049883347e+01 7.356111139956024836e+00 3.058704750380461519e+02 6.667039642050042403e+00
-5.513246279469923365e+02 -1.985535803045635532e+02 4.375367062372529148e+00 7.462856476522660820e+00 3.096592482067990773e+02 6.889598238905847438e+00
-5.492263748192453932e+02 -1.867451594758392162e+02 1.559828429049884768e+01 7.356111139956024836e+00 3.058704750380461519e+02 6.667039642050042403e+00
-4.957248493775547331e+02 -4.373632386697539687e+01 3.494558128739645753e+01 7.493963634711896304e+00 3.226520223088645025e+02 6.314666710458283205e+00
1.946732280102847028e+02 -9.201181112359773806e+01 5.132100730282197674e+02 2.353237254171636206e+00 3.247489607373670992e+02 6.137498063118130176e+00
-2.078144065761475474e+02 1.837540506974669938e+02 4.624708161496054259e+01 4.565012056589051070e+00 1.974260874352728479e+02 6.189160739657992849e+00
-2.803455145348596034e+02 -3.623964773777385773e+01 4.139958032672964094e+01 5.311050875439046415e+00 2.802233528812329268e+02 6.018853822569809608e+00
-2.907566673198630269e+02 9.033706608568371621e+01 1.627217794230571712e+01 4.716827730611423242e+00 2.176886021361706582e+02 5.100685657965939868e+00
-2.453768029085238425e+02 2.161561272576233250e+02 1.725209225708404048e+01 5.898632033661555418e+00 2.619505439963811000e+02 7.056119358993129254e+00
-2.608135112540592786e+02 -5.494828811099275612e+01 1.054948487143914981e+01 5.730023183348941451e+00 2.529217813870525617e+02 6.509303335060437234e+00
-2.590929254209693227e+02 3.217284354364722958e+02 -3.302457449112404930e+01 7.002758534851250438e+00 2.485007243450207852e+02 7.133700312252187814e+00
-3.058534872360023655e+02 8.877282296143356177e+01 6.303021006189809761e+00 5.100917160301595032e+00 2.189742222271836170e+02 5.273321418705648966e+00
-2.361521565254838322e+02 3.062260039502277209e+02 -3.500089684949342939e+01 7.281427180155332302e+00 2.513955598255466839e+02 7.370585974840992094e+00
-2.829513895025270926e+02 1.658746810726614456e+02 -2.146618246010848718e+00 4.101102140100900684e+00 2.515904608684518280e+02 6.201066862327053286e+00
-2.596603650861122219e+02 2.206685120689320456e+02 3.688142735072948852e+01 5.760491049208433800e+00 2.669674652462355766e+02 6.988281938502268531e+00
-2.608119030836011802e+02 2.717364775528114933e+02 3.437174906731558366e+01 5.803967379142372707e+00 2.601826041456269536e+02 6.426883528958995839e+00
-2.817890715394556196e+02 1.630314720472354395e+02 5.883561000433838117e+00 4.128849573643144311e+00 2.169501037105075909e+02 6.481613893192474052e+00
-2.688127409147944604e+02 2.416822040636703264e+02 3.425304508288085259e+01 5.229407337236767539e+00 2.583802430527535421e+02 6.394563726051330832e+00
-1.622880674396497795e+02 3.548857481377280010e+01 4.425284098593949444e+00 5.549978852455088152e+00 2.091954767675439086e+02 5.564219092482062479e+00
-3.199880762109751799e+02 7.724722780728681926e+01 2.780810984171045064e+01 5.714241892601485517e+00 2.631892617490310613e+02 6.034987576601309911e+00
-2.741665268447103472e+02 -6.690883386866931914e+01 1.354789127829644357e+01 5.335832842139518029e+00 2.848261926157775292e+02 6.004883987626641328e+00
-1.977978798845877293e+02 -3.112232585659440787e+01 4.491804768033321693e+01 4.116188931994369860e+00 2.179340496572300196e+02 5.189216787864296521e+00
-2.309883808373509169e+02 3.912938074610376589e+02 -6.438353324177822401e+01 9.619098094534171750e+00 2.609514274726237204e+02 7.927176406921802254e+00
-3.187052692864257324e+02 8.848102949389267735e+01 3.737641850505941221e+01 5.574467476948663958e+00 2.247627415743098709e+02 5.655644064119570658e+00
-2.045387271288616091e+02 -1.073094175086056765e+02 6.025500130507808194e+01 4.465789961819397469e+00 1.294883295899672930e+02 6.336506804263351000e+00
-2.590929254209693227e+02 3.217284354364723526e+02 -3.302457449112404930e+01 7.002758534851250438e+00 2.485007243450207852e+02 7.133700312252187814e+00
-2.901067047543036779e+02 -1.025135561511132352e+02 4.916239598392193244e+01 5.763222251214204839e+00 2.914397193245972062e+02 6.134715095921961847e+00
-2.128834143987286325e+02 -1.409459324278043653e+02 5.319203282527074350e+01 4.594026819626336078e+00 1.606693732482952157e+02 5.706858573506778498e+00
-3.189694701407836419e+02 9.261908549358957998e+01 2.893838650345664121e+01 5.689537376501280441e+00 2.124793166404673741e+02 5.733985342013895092e+00
-3.038645958961088809e+02 1.457457487512665182e+02 -5.744839757667719482e+00 4.502293326132018159e+00 2.715657563095907108e+02 5.481324670973634738e+00
