1.690278067636124604e+02 -2.235413725083132519e+01 1.111202188075322255e+02 3.262666355857423373e+00 1.184007073458600416e+02 4.115299012642125831e+00
2.301889783142372323e+02 4.813757688330891349e-01 1.220297813666481943e+02 2.706273017460988140e+00 1.055371380131183940e+02 4.593308577773754564e+00
-2.679697404766483260e+02 -2.030444636797829716e+01 -2.014725809716482985e+01 8.760934671324632106e+00 1.269836603662061663e+02 8.468310693635068276e+00
2.703717655657034697e+02 9.861531635835165233e+00 1.017348061419946816e+02 2.860547373587923214e+00 1.073877437140756825e+02 5.048872375760822706e+00
2.702166349977247251e+02 2.433945825417656650e+01 1.104463383260486040e+02 3.129428444949532651e+00 1.076872671210482508e+02 5.077388791434437110e+00
1.771957530178337095e+02 4.845871846540847372e+01 1.270069185306020358e+02 2.630444476023497291e+00 1.184687617053542112e+02 3.494878667900692903e+00
-4.540659142526250491e+01 3.139190244532099427e+01 -1.527785291688946678e+01 3.516057108630860295e+00 1.351108711392240309e+02 5.066169342425013156e+00
-4.540659142526250491e+01 3.139190244532099427e+01 -1.527785291688947034e+01 3.516057108630860295e+00 1.351108711392240309e+02 5.066169342425013156e+00
1.319255666370646338e+02 4.696308752368278050e+01 1.181676029585454160e+02 2.855805619517171046e+00 1.512278413520473350e+02 3.565716857877674784e+00
1.834491470674635423e+02 2.202570242285833046e+01 1.043266527102842360e+02 2.614455011166391341e+00 1.439943054429583924e+02 3.624124046372315888e+00
8.713387576778752930e+01 -5.143681878167273958e+00 6.647762635559075761e+01 5.147503498561669666e+00 1.544828388527347158e+02 4.430714744352087564e+00
8.586079271122683565e+01 -1.671337610079676494e+01 4.574293980368836543e+01 5.275912446949766021e+00 1.536324835443338088e+02 4.939262629677500627e+00
8.894143169419098172e+01 -6.242312318511553215e+00 6.154685129629757512e+01 5.129282142661001132e+00 1.531707870319924609e+02 4.560351135217615592e+00
8.894143169419095329e+01 -6.242312318511550551e+00 6.154685129629756091e+01 5.129282142661000243e+00 1.531707870319924893e+02 4.560351135217615592e+00
8.476079597897273743e+01 -2.078925308760009028e+00 6.309318806530879442e+01 4.828029278193110230e+00 1.501547868034848818e+02 4.217247022437547344e+00
1.241003559944321637e+02 -3.034027506532947527e+01 7.359297032533110894e+01 5.790612840674915773e+00 1.491395319826369814e+02 4.634601785970147603e+00
1.779633534300507449e+02 -5.299893334668406730e+00 1.249301085000313805e+02 3.176961468234552388e+00 1.390371443176246942e+02 3.640889806131056616e+00
1.908193928538840964e+02 2.860588713229287094e+01 1.115463948145175550e+02 2.450312951873369727e+00 1.441329247604446664e+02 3.112902308500594017e+00
-1.356635833445705259e+02 -2.881878405179872615e+01 -2.028779650330848128e+01 7.103320174745238802e+00 1.399171540591074177e+02 7.945129557488741057e+00
-3.819117471769497030e+01 -5.645576915085192127e+01 3.082931966407090485e+01 5.265688976494479867e+00 1.556866323741380143e+02 7.321362524237130742e+00
2.433500701688558365e+00 2.882102241928221886e+01 4.351937377983734478e+00 3.549439446504474738e+00 1.593080663368932903e+02 6.673580461260499419e+00
9.938584177487026494e+00 -5.734946436447900808e+00 1.891133497935709329e+01 3.367625318489080311e+00 1.475995511510790550e+02 6.055918491946982840e+00
4.888010822251251852e+01 5.523921705653310532e+00 2.336616076414478371e+01 4.026341320891769548e+00 1.659294729696927675e+02 5.174397133541319249e+00
2.226979683950084734e+02 2.709631078029660856e+01 1.147476340751348687e+02 2.537518445878811590e+00 8.591593274823941329e+01 3.810953594166925029e+00
3.156888551804620491e+01 4.758777547554766585e+01 3.024743192774072398e+01 3.360813156880192665e+00 1.439381377536891762e+02 5.477832287759795804e+00
-2.613988692574724269e+02 -1.509849220850672147e+01 -3.026429307550814229e+01 8.152365599684129549e+00 1.251483120141857910e+02 8.005563990934859930e+00
2.703717655657034697e+02 9.861531635835163456e+00 1.017348061419946816e+02 2.860547373587923214e+00 1.073877437140756825e+02 5.048872375760815601e+00
-2.950458926792864389e+01 -5.956095924552351306e+01 3.281628938080677926e+01 5.093181890932856781e+00 1.459347371258810426e+02 7.055768716223937531e+00
-1.645946550386672413e+02 -1.239812096705040823e+01 -4.552515451356980947e+01 6.422348451555421889e+00 1.298306204252294265e+02 7.960007110879672609e+00
-1.468390897318241741e+02 6.706923924632990364e+00 -4.054455775522070837e+01 6.422348451555421889e+00 1.318916221751783553e+02 7.920668962566182358e+00
-1.280136119453915740e+02 -4.608692822136448264e+00 -8.104030442088063069e+01 6.425588838401743885e+00 1.185756720411063156e+02 7.891327415738601303e+00
-1.198230775691562542e+02 -2.416418887546270433e+00 -7.402662925318939813e+01 6.343431553469241813e+00 1.157878555807991603e+02 8.147209957219523346e+00
-1.044851827582449317e+02 3.784324502974222071e+00 -9.075362843987842609e+01 6.413249729143149835e+00 9.387230688547074919e+01 6.930557056421712048e+00
-5.089694998944129622e+01 1.830302835325137423e+01 -5.670453387068202744e+01 4.038967303884487769e+00 1.094269048269208753e+02 5.892054762043017035e+00
1.568143450086846258e+02 7.095207095644648021e+00 1.379217014640242098e+02 3.468826456341619124e+00 1.462842694892379711e+02 3.609066386047359742e+00
-5.699807308652301430e+01 -4.431016670697744408e-01 -4.600017416699838435e+01 4.734518030774348851e+00 1.079272324300034995e+02 6.189542471803719081e+00
-5.192120245294125880e+01 -3.696417845263228585e+00 -3.765875698072082400e+01 4.482257963734300965e+00 1.142749316341952550e+02 5.856700579482307489e+00
2.879303960464203982e+01 5.198555260341556128e+00 1.796012570993475777e+01 4.088093838690272541e+00 1.570781572975695326e+02 6.599763838061392107e+00
2.904397545444712492e+01 -1.792252523203942260e+01 6.465306877652359674e+01 4.070283476596380012e+00 1.552233471485523637e+02 6.622891035508558844e+00
-1.683035013710878047e+02 -1.273568830525637985e+01 -3.777939926802424964e+01 6.685467796537557739e+00 1.261386538694622317e+02 8.280147485197169033e+00
6.006295125459665485e+01 1.626329168537900927e+01 3.867287244013955672e+01 4.273243503188104420e+00 1.601527005704243436e+02 4.497326914020462141e+00
1.780993759173521767e+02 -7.281957551544788743e+00 1.217541943728069782e+02 3.153461457702332993e+00 1.384413594270151577e+02 3.719788306652532128e+00
1.778808451593831137e+02 -1.127963808265764278e+01 1.216255852070852370e+02 3.166643011524898021e+00 1.384107654772561489e+02 3.727017468687193968e+00
1.807622002386100917e+02 -7.503182304305092032e+00 1.240124403951010237e+02 3.208103757753804519e+00 1.386096948268771030e+02 3.656250954116188723e+00
1.966656643825326398e+02 -1.866344737747166604e+01 1.347608480138410698e+02 3.173699490940657952e+00 6.541504031948616671e+01 4.242243033002822017e+00
2.187000025248401585e+02 -2.721813820257629857e+01 1.043902856671376611e+02 3.408326356494854714e+00 9.602264055940140963e+01 5.189925006476570957e+00
-1.913996411988000190e+01 -6.111437972225532178e+01 4.668106230612400509e+01 5.093181890932856781e+00 1.439605067370908955e+02 7.070268451364128737e+00
-1.683035013710878331e+02 -1.273568830525637985e+01 -3.777939926802424964e+01 6.685467796537557739e+00 1.261386538694622317e+02 8.280147485197169033e+00
-1.652215254239410172e+02 1.724503301563806712e+00 -2.293764214188270856e+01 5.911213538567590575e+00 1.301598536415895069e+02 8.039987532273244142e+00
-1.652215254239410172e+02 1.724503301563806712e+00 -2.293764214188271922e+01 5.911213538567590575e+00 1.301598536415895069e+02 8.039987532273244142e+00
-1.315003275292490628e+02 1.965934052294330314e+01 -5.831938223845906322e+01 6.348288481073895539e+00 1.158082898587143461e+02 7.657257587672617660e+00
-1.475800149524899325e+02 -8.466440940250546277e+00 -5.938866054885781409e+01 7.346758803016760098e+00 1.268796575499792283e+02 8.098465166087855494e+00
-1.099847782277448829e+02 -3.174736018737859045e+00 -7.979987617353944529e+01 6.725693577673057533e+00 1.027545132828723951e+02 6.990001945891677337e+00
-9.575447563242244087e+01 1.086145335943011148e+01 -5.555357878505466829e+01 5.466438434436369675e+00 9.707594964768564694e+01 5.692574684713697764e+00
-2.613988692574724837e+02 -1.509849220850672147e+01 -3.026429307550814229e+01 8.152365599684129549e+00 1.251483120141857910e+02 8.005563990934859930e+00
2.628051088865528868e+02 1.014481507890176992e+01 1.057453606579990719e+02 2.849786650246216357e+00 1.049053859437159559e+02 4.783986701232770145e+00
2.720677749041304310e+02 1.223188515551322730e+01 1.011883831713804085e+02 2.922072084423715133e+00 1.076210945865168185e+02 5.096137386835408734e+00
-1.129171085176358531e+02 5.269753622196255805e+01 1.255567041711657161e+01 4.307988624020114621e+00 1.370198799444810334e+02 4.602520491075864584e+00
-6.635632188894889794e+01 5.748512186083927133e+01 2.758314876555325057e+01 3.284137193656106568e+00 1.438035030866772672e+02 4.845931646448931929e+00
-5.294270777185690946e+01 4.365384969119303094e+01 6.183343216944677145e+00 3.632192869797575163e+00 1.368685044120815917e+02 5.759059487130045341e+00
3.188786425812454528e+00 4.533922664662086532e+01 3.699777075556166039e+01 3.882686753785311140e+00 1.394863703019044294e+02 6.095372819251835494e+00
5.974329724445366807e+00 -3.590448581079442647e+01 1.837893498551147076e+01 4.039143589639603960e+00 1.445027594892221998e+02 6.945937129131536381e+00
8.032573237517803477e+01 8.922123592812163384e-01 6.099098592804338637e+01 5.142034583538482195e+00 1.529955800015150658e+02 4.718722328940543775e+00
7.239114221045061015e+01 -3.695525275494916428e+01 8.794264657178561606e+01 4.544175322964599140e+00 1.378956489523872051e+02 5.124990206387479930e+00
8.153925253689345709e+01 -6.434615585085471601e+00 5.654725233733111622e+01 5.142034583538482195e+00 1.528651284629689542e+02 4.764306859709677155e+00
1.261172659436579835e+02 -3.508600076095266473e+01 7.182613338739039932e+01 5.707981069486668169e+00 1.454280836014832516e+02 4.549998185528835393e+00
1.531909638696841398e+02 -3.662633158983985737e+01 7.333194453364973242e+01 4.910358140705740837e+00 1.411333677767238726e+02 4.471185717591026787e+00
1.683029536370480059e+02 1.810838616014548208e+01 1.097900508574153804e+02 2.798942434190677009e+00 1.441240437956137725e+02 3.122983256146511621e+00
-7.045009640515779381e+01 -2.375066584069445597e+01 -5.180141616283275141e+01 5.819302129244748656e+00 1.152217427398145162e+02 7.127732839636820472e+00
-2.649037763152951541e+01 -5.039757404667310681e+01 2.369765932155625521e+01 4.726414766079808594e+00 1.503925779418651985e+02 7.143768109445971959e+00
-2.420176044520248837e+01 -5.028667945673011275e+01 3.113508269672328410e+01 4.741881906064930874e+00 1.597115838002992234e+02 7.269301356615386567e+00
-3.951442332374015365e+01 2.763126446079038701e+01 -1.446549308253869270e+01 3.239107086454126261e+00 1.303366698208911600e+02 4.941306901504930238e+00
4.236207681953289672e+00 3.466814428377414714e+01 1.688365430934307909e+01 3.869949659293764554e+00 1.573812568255826250e+02 6.819882637020569405e+00
4.338751895155829175e+01 7.856447191860613799e+00 6.980507152230744694e+00 4.172162054192570579e+00 1.615287822649573286e+02 5.353057738235094121e+00
6.011895349517406117e+00 -2.621378700250924609e+01 3.882820472750371721e+01 3.811180285667596923e+00 1.502875493845048993e+02 6.484081306787487620e+00
7.186637683533658283e+00 -2.866864523263172870e+01 4.031679020763335330e+01 3.908599500945324046e+00 1.607290888420636747e+02 6.727400527970189614e+00
-1.816222840391344278e+02 -1.025457370508450516e+01 -2.898965132986383963e+01 6.575618174354754153e+00 1.326352517244190210e+02 8.453458120838376999e+00
-1.683035013710878331e+02 -1.273568830525637985e+01 -3.777939926802424964e+01 6.685467796537557739e+00 1.261386538694622317e+02 8.280147485197169033e+00
2.001847824612612214e+02 3.110278577014060630e+01 1.220839053404338728e+02 2.510596136056327587e+00 1.208207246295104653e+02 3.248351739174566433e+00
2.434235160381755065e+02 2.386257560401337230e+01 1.385162970465786429e+02 2.835733653103293062e+00 7.519925199096064716e+01 3.862977637190887492e+00
9.781364184067329859e+01 2.799504433476722909e+01 6.612708508879573799e+01 4.038483581608765860e+00 1.619585132063146489e+02 4.321750864515635726e+00
8.894143169419098172e+01 -6.242312318511553215e+00 6.154685129629757512e+01 5.129282142661001132e+00 1.531707870319924893e+02 4.560351135217601382e+00
4.343748213829794480e+01 2.306904432491120005e+01 3.281389570202183847e+01 3.788916600984276961e+00 1.579235495421756355e+02 4.712426001910301920e+00
-9.621020740321972653e+01 7.654667825803402081e+01 5.390328181769451987e+01 3.677684923918455251e+00 1.466303515647425399e+02 4.956801961901945219e+00
-1.685518840213340042e+01 1.071769428539135021e+02 5.802360008255884338e+01 3.109659474776830912e+00 1.285520906092156963e+02 4.554888874727538450e+00
2.720677749041303741e+02 1.223188515551322730e+01 1.011883831713804085e+02 2.922072084423715133e+00 1.076210945865168185e+02 5.096137386835408734e+00
1.782718211791227958e+01 8.920576031194696043e+01 5.365715692188044272e+01 3.385599440684250894e+00 1.273005400616980722e+02 4.656368555748095162e+00
2.958133181011962733e+02 -4.413543692413480768e-01 7.873992716655854451e+01 3.852238580250475941e+00 1.042916463577021062e+02 5.009726639167496387e+00
-4.723380584209805022e+01 1.140410263963531463e+02 7.026091933827272840e+01 3.573216849388118010e+00 1.403746682988066539e+02 4.930223718248356590e+00
-1.669597178840662721e+01 1.170483181249388878e+02 6.303220147294350539e+01 3.220430767854254750e+00 1.332528048485284273e+02 4.781488421215868811e+00
-2.613988692574724269e+02 -1.509849220850671969e+01 -3.026429307550813164e+01 8.152365599684127773e+00 1.251483120141857910e+02 8.005563990934859930e+00
-3.632368210663401431e+00 1.218107775184927419e+02 6.604124809749170311e+01 3.347749662270259385e+00 1.312213397279573712e+02 4.071555272708792472e+00
2.720677749041304310e+02 1.223188515551322908e+01 1.011883831713804085e+02 2.922072084423715133e+00 1.076210945865168185e+02 5.096137386835408734e+00
-2.333862744952070614e+02 3.427706611303995032e+01 3.638179242462601337e+01 6.125661227669511710e+00 1.417696282706560567e+02 7.125037005409311064e+00
2.667281944546606951e+02 3.723684270203941882e+00 1.002535304664306892e+02 2.749095635628846512e+00 1.048152660636798714e+02 4.825066319142983673e+00
-2.225370230735431107e+02 4.071912579392952836e+01 3.178990513895231018e+01 6.200905687241522024e+00 1.439730096233318477e+02 7.332219333393297234e+00
2.474386456794126161e+02 -2.615924066874869780e+00 1.068956228855662545e+02 2.779197923891488564e+00 9.556279349202806372e+01 4.615502017176140725e+00
-1.315003275292490628e+02 1.965934052294330314e+01 -5.831938223845906322e+01 6.348288481073895539e+00 1.158082898587143319e+02 7.657257587672624766e+00
-7.105686659237021274e+01 -2.260838330054761514e+01 -5.170978707187976653e+01 5.810170312607727539e+00 1.149672127173656406e+02 7.095724700100987548e+00
-2.914167782323447398e+01 -4.669465092863682543e+01 1.849870414487590153e+01 4.658789094305952005e+00 1.481379340344666673e+02 6.369767433278752833e+00
1.534950476986262231e+02 -9.235023588332538225e+00 1.129547494042574840e+02 3.728847124851445649e+00 1.458951335720283566e+02 4.258747722580267236e+00
-3.743664229761278506e+01 2.809442613018998713e+01 -1.061615936221332035e+01 3.272465679785034887e+00 1.496088566897026908e+02 5.563242394072020147e+00
-2.477312632887039356e+01 1.432860664856894672e+01 -5.149555830342543317e+01 4.194725460197715527e+00 1.349694317243722992e+02 6.189804835270706462e+00
2.433500701688558365e+00 2.882102241928221886e+01 4.351937377983732702e+00 3.549439446504474738e+00 1.593080663368932903e+02 6.673580461260499419e+00
-2.366722312988144239e+01 1.930966234457465847e+00 -3.723665294863352671e+01 4.639927281547944204e+00 1.374356121971303253e+02 6.888146048074716532e+00
-2.440697575878960279e+01 -2.809799745261232928e+01 2.709558392186218612e+01 4.426173548209308528e+00 1.529468780328647313e+02 6.613845660586662234e+00
8.212212943475186933e+01 1.675528994346885403e+00 6.543267961691255152e+01 5.062054419058538812e+00 1.547257573902936372e+02 4.442316738884144911e+00
-7.002138976145826632e+01 3.345210072300375259e+00 -5.128366228099703505e+01 5.461421995119680517e+00 1.071146115149562519e+02 6.480474014928503834e+00
5.209662910089725329e+01 1.226812176598966886e+01 2.612922404190605263e+01 3.955557216588210689e+00 1.605246009183639160e+02 4.841004412015607272e+00
-1.652215254239410172e+02 1.724503301563806712e+00 -2.293764214188271566e+01 5.911213538567590575e+00 1.301598536415895069e+02 8.039987532273244142e+00
8.586079271122683565e+01 -1.671337610079676494e+01 4.574293980368835122e+01 5.275912446949766021e+00 1.536324835443338088e+02 4.939262629677500627e+00
1.821807876656758935e+02 -2.979068042676837891e+01 9.844246340210634116e+01 3.090373955090768288e+00 1.112315153182765926e+02 4.174375306092677818e+00
1.830995751061145711e+02 -2.932622191412705348e+01 9.794905344106219047e+01 3.095180590971014389e+00 1.097691213411130491e+02 4.085686064555581254e+00
