-3.052716065389319056e+02 -8.264795662421017042e+00 3.543509326891163713e+00 1.914161145461662628e+01 1.088467270982458217e+02 7.992599953814391256e+00
4.009580058337626269e+02 3.695890359289465010e+01 2.922769714234061667e+01 1.480763022187007927e+01 1.255705379458095763e+02 5.810448823470807156e+00
1.202676674279307178e+02 6.986334714036952676e+01 1.268323833516272288e+02 1.000899751041896657e+01 1.495839563589624959e+02 3.481596544048528585e+00
8.667084647698590061e+01 -2.451378102405223558e+01 -1.593528179013605239e+01 9.847359407412778154e+00 1.601635414193879399e+02 5.338367431144931174e+00
-2.007994844809187285e+01 -6.993284215785097047e+01 1.132452883397054393e+02 8.983509363758997779e+00 1.129685354423965293e+02 5.042962023037738106e+00
4.967215231334638048e+00 2.603084682975444863e+01 -1.091989406974252219e+01 5.510822643357927042e+00 1.102406458616784448e+02 5.346796233215549421e+00
1.275393768910972092e+01 -1.094010371672175630e+01 2.631669511547789142e+01 4.742191321724829933e+00 1.221641927898678546e+02 4.187900540871112298e+00
3.552354535649166678e+01 1.061483948625688711e+01 -3.176100346358279580e+01 6.503012136043530234e+00 1.652587062759478442e+02 5.215111684802479886e+00
5.052602282433202419e+00 3.383226235334223730e+01 -2.203370130242510161e+00 6.391678895744517419e+00 1.350827894292977476e+02 6.010015876855078432e+00
-3.052716065389319056e+02 -8.264795662421018818e+00 3.543509326891163713e+00 1.914161145461662628e+01 1.088467270982458217e+02 7.992599953814384151e+00
3.751161530560040660e+02 -1.214561182468546185e+01 1.452185508074267517e+01 1.108543138342087353e+01 1.223580401935238626e+02 5.741828672511758214e+00
-8.926709705120112304e+00 -7.335847395297103901e+01 9.970096169422181731e+01 8.400008454021921978e+00 1.185578339883113586e+02 5.023026988899758294e+00
-1.213430453507792350e+02 8.476254787388237233e+00 1.517481244982521105e+01 8.925646059783302277e+00 1.175398230388322531e+02 6.878032088895025709e+00
1.277633963434499265e+02 1.183293165695696558e+01 1.150840541061366906e+02 1.253883149211256587e+01 1.663625258283848041e+02 4.807031761860955044e+00
1.832913398107662317e+01 -2.702979002120671836e+01 5.477364199343146822e+01 5.984323440152693685e+00 1.440405845586583382e+02 5.842728468648488160e+00
4.127993102204476372e+01 2.131717253706324300e+01 -2.445432273158390402e+01 7.408489007567713003e+00 1.704753354594147936e+02 5.011279632574897391e+00
2.381129572083181642e+02 -3.128455743026691493e+01 8.190138813434788290e+01 9.486739929069933908e+00 1.314459584772388325e+02 5.030836912878726253e+00
-8.926709705120110527e+00 -7.335847395297103901e+01 9.970096169422178889e+01 8.400008454021921978e+00 1.185578339883113728e+02 5.023026988899751188e+00
-1.591861795530180359e+02 4.467930087881870627e+00 -2.378167572894741966e+01 1.108941407627650300e+01 1.023867178886011544e+02 7.168036686715645089e+00
-1.158583209901365620e+02 5.249177366078149021e+01 4.304188858174876486e+01 6.912043146781585712e+00 1.553686261765868721e+02 5.543146322648581759e+00
-1.401550595752625554e+02 -6.706565839845633370e+00 -1.740095252026199901e+01 1.119056776154162414e+01 1.122073527002575730e+02 7.492333744844941634e+00
-8.463631490691525983e+01 1.422156125965689455e+01 -3.466394361474194596e+01 6.975737609342468559e+00 1.091293269474342651e+02 5.264677154439553419e+00
3.137762460328586940e+02 -4.378585216167285021e-01 8.215368321776377059e+01 9.005616002890134197e+00 1.361535897433483058e+02 4.733386421878464034e+00
-3.365000884503837142e+01 1.976485932578004423e+01 -2.097081950757047153e+01 5.019100465660986998e+00 1.035327967361067749e+02 5.180089671157602993e+00
1.632930276657294755e+01 -3.704992176748658750e+01 3.821585218379044591e+01 5.894658887689056215e+00 1.178957590416211758e+02 4.705478599558837516e+00
5.195848041147279872e+01 -6.309179935753475377e+01 1.575999173254639913e+02 1.050441762711064442e+01 1.090312340570352347e+02 5.911529189055819700e+00
7.765143017187591568e+01 -1.094681433785732239e+01 3.337096340529804195e+00 1.022628316610241939e+01 1.562960012284383424e+02 5.169524553058806760e+00
8.667084647698590061e+01 -2.451378102405223558e+01 -1.593528179013605239e+01 9.847359407412778154e+00 1.601635414193879399e+02 5.338367431144931174e+00
1.311595923243998243e+02 -1.317118841691125475e+01 8.089544311362544704e+01 1.119471774028422928e+01 1.671163965623960053e+02 4.905127453255374803e+00
1.489722797288908396e+02 2.715603812900913283e+01 1.129010825564554210e+02 1.295567596175537872e+01 1.663179184573929206e+02 4.742988986345963554e+00
-1.158126093204509033e+01 -5.973048860558476747e+01 8.397762111639573845e+01 7.308591086647237667e+00 1.169076986344355333e+02 4.830923732861194253e+00
-3.365000884503838563e+01 1.976485932578004778e+01 -2.097081950757048574e+01 5.019100465660988775e+00 1.035327967361067607e+02 5.180089671157602993e+00
4.967215231334638936e+00 2.603084682975445219e+01 -1.091989406974252397e+01 5.510822643357927930e+00 1.102406458616784448e+02 5.346796233215549421e+00
1.167556627531168978e+01 -3.256494421179276344e+01 4.209946263779349351e+01 6.201738820490640514e+00 1.253873996859333602e+02 5.576278917832709681e+00
-1.341502940028634043e+02 -2.383712314007293998e+01 1.217173801881654427e+01 1.001162048035185848e+01 1.301817575545821342e+02 6.761417636950284304e+00
1.840889417552249938e+02 3.015456649922397148e+01 8.527538940183563909e+01 1.190531151676150756e+01 1.673351128723436716e+02 4.982034651435554906e+00
8.125139688543281125e+01 -9.051903103606912637e+00 1.379320057180331993e+01 9.914739022844564431e+00 1.606234416266816254e+02 4.530028932877883108e+00
-1.033212818231479986e+02 8.383223324680916733e+01 5.748857836017832312e+01 6.178466201388518542e+00 1.632199742678573102e+02 5.314347778683696788e+00
-3.666400612358960132e+01 1.283889219826574504e+02 7.063218992333098356e+01 5.844426681427145276e+00 1.310830271240331228e+02 3.661828120303951550e+00
3.751161530560040660e+02 -1.214561182468546185e+01 1.452185508074267517e+01 1.108543138342087353e+01 1.223580401935238626e+02 5.741828672511758214e+00
1.729707054674008759e+00 1.143289020506909992e+02 2.110146098260311831e+01 7.906681827369369309e+00 1.258727929300053177e+02 4.515067566551167033e+00
3.751161530560040660e+02 -1.214561182468546185e+01 1.452185508074267339e+01 1.108543138342087353e+01 1.223580401935238484e+02 5.741828672511765319e+00
-3.666400612358960132e+01 1.283889219826574504e+02 7.063218992333098356e+01 5.844426681427145276e+00 1.310830271240330944e+02 3.661828120303965761e+00
-2.880571839135998857e+02 1.246950539519490420e+00 -2.920629227955041074e+01 1.667371635702808419e+01 1.137767990409292480e+02 6.905898814104432404e+00
-2.669850586054484154e+01 1.801764511416956509e+02 1.142262331867479759e+02 8.808284435732431916e+00 1.255689452054129589e+02 3.980338488166829336e+00
3.751161530560040660e+02 -1.214561182468546185e+01 1.452185508074267339e+01 1.108543138342087353e+01 1.223580401935238626e+02 5.741828672511758214e+00
-2.670464320012873713e+02 1.373056774547898939e+01 -3.474496622513759547e+01 1.667371635702808774e+01 1.186020235915053860e+02 7.244254752665305830e+00
3.751161530560040660e+02 -1.214561182468546185e+01 1.452185508074267339e+01 1.108543138342087353e+01 1.223580401935238626e+02 5.741828672511758214e+00
-2.176779634081257768e+02 7.061972565488372311e+01 6.873319128017698176e+01 1.170222048332514575e+01 1.501132905508369788e+02 6.202754180890565294e+00
2.970307432823603904e+02 -1.252886283570871306e+01 7.093970184061758744e+01 9.412866274203027572e+00 1.343020476388949191e+02 5.225785311654746579e+00
-1.051210668421007881e+02 2.390136858482645366e+01 -1.715878999544360539e+01 8.439014760517762781e+00 1.129295798274305156e+02 6.213854774886620191e+00
-1.099454242661816394e+01 -5.603750257942211022e+01 8.200246361309883980e+01 7.409324534465788759e+00 1.300039999384634370e+02 6.032428303261610836e+00
8.667084647698590061e+01 -2.451378102405223558e+01 -1.593528179013605239e+01 9.847359407412778154e+00 1.601635414193879399e+02 5.338367431144931174e+00
-1.297961523105025705e+01 1.703693875218057840e+01 -2.644316223763870255e+01 5.840432416322686393e+00 1.019874502083467149e+02 4.811740577962112297e+00
4.967215231334638048e+00 2.603084682975444863e+01 -1.091989406974252219e+01 5.510822643357927042e+00 1.102406458616784448e+02 5.346796233215549421e+00
-1.022982801613641257e+01 -2.372178175168663472e+01 7.898660483413249267e+01 6.399885507605196366e+00 1.213838539510094705e+02 5.148865850827483825e+00
3.305316176330357791e+01 1.334841461733706858e+01 -3.446570581743610973e+01 6.331147302249874542e+00 1.618158212289515347e+02 4.877941948752862800e+00
-1.213430453507792350e+02 8.476254787388239009e+00 1.517481244982521105e+01 8.925646059783302277e+00 1.175398230388322531e+02 6.878032088895025709e+00
8.024928494871178941e+01 -1.423657544979555567e+01 -5.616365694139110687e+00 1.015461787796411564e+01 1.486605529385653881e+02 5.263316237668277608e+00
