3.362128572557230299e+00 -4.852467545681155059e+01 -1.107464301724869529e+02 4.198243113017241512e+00 1.014432846471366929e+02 5.673636734168397311e+00
-5.888343393578045948e+01 -4.891147022332265948e+01 -1.268344388386250756e+02 3.658155181384847854e+00 1.191526751692969555e+02 4.739076586450501338e+00
-5.888343393578045237e+01 -4.891147022332267369e+01 -1.268344388386251040e+02 3.658155181384848742e+00 1.191526751692969555e+02 4.739076586450501338e+00
-1.161965429544886774e+01 -4.869546348853515383e+01 -1.217664345143915909e+02 4.124131819760480155e+00 1.312946590688288495e+02 5.635101681138252161e+00
-1.161965429544886774e+01 -4.869546348853515383e+01 -1.217664345143915909e+02 4.124131819760480155e+00 1.312946590688288495e+02 5.635101681138252161e+00
-3.747489773932313994e+01 -5.027881860734869690e+01 -1.295475777412426339e+02 3.834101153666410244e+00 1.220371254987595933e+02 5.389155175572255985e+00
-1.161965429544886597e+01 -4.869546348853514672e+01 -1.217664345143915625e+02 4.124131819760480155e+00 1.312946590688288495e+02 5.635101681138252161e+00
-1.161965429544886419e+01 -4.869546348853515383e+01 -1.217664345143915625e+02 4.124131819760480155e+00 1.312946590688288495e+02 5.635101681138266372e+00
-1.161965429544886774e+01 -4.869546348853515383e+01 -1.217664345143915767e+02 4.124131819760480155e+00 1.312946590688288495e+02 5.635101681138252161e+00
-3.394587767062643646e+00 -4.255310240592589821e+01 -1.212122923509118948e+02 4.110314348704533494e+00 1.314672868055015442e+02 5.643501924027319205e+00
-3.394587767062642314e+00 -4.255310240592589821e+01 -1.212122923509118806e+02 4.110314348704532605e+00 1.314672868055015442e+02 5.643501924027319205e+00
-1.127300538481394554e+01 -6.094146531297253944e+01 -1.220595043407892177e+02 4.267275452779585976e+00 1.358091583804273341e+02 6.117951163726544905e+00
-1.161965429544886419e+01 -4.869546348853513962e+01 -1.217664345143915767e+02 4.124131819760479267e+00 1.312946590688288495e+02 5.635101681138266372e+00
-1.161965429544886952e+01 -4.869546348853515383e+01 -1.217664345143915909e+02 4.124131819760480155e+00 1.312946590688288495e+02 5.635101681138252161e+00
-1.161965429544886774e+01 -4.869546348853515383e+01 -1.217664345143915909e+02 4.124131819760480155e+00 1.312946590688288495e+02 5.635101681138252161e+00
-3.747489773932313994e+01 -5.027881860734869690e+01 -1.295475777412426339e+02 3.834101153666410244e+00 1.220371254987596075e+02 5.389155175572263090e+00
-1.161965429544886597e+01 -4.869546348853515383e+01 -1.217664345143915625e+02 4.124131819760480155e+00 1.312946590688288495e+02 5.635101681138252161e+00
1.302255267328280564e+00 -5.808973998491798341e+01 -1.137637233933153453e+02 4.186079947277693059e+00 1.204248313264336474e+02 5.710053002633365793e+00
-2.054373665300637697e+01 -3.943074921373867170e+01 -1.205841345093134294e+02 4.021335229404019884e+00 1.213126023956291135e+02 5.328900741711251499e+00
1.302255267328278565e+00 -5.808973998491798341e+01 -1.137637233933153027e+02 4.186079947277691282e+00 1.204248313264336616e+02 5.710053002633358687e+00
-2.144766202509629682e+00 -4.812448857565985350e+01 -1.156309052345512072e+02 4.099234414035809237e+00 1.157439415261118398e+02 5.239334682165228685e+00
-4.336880950522398592e+01 -3.904036970266859186e+01 -1.274694725347207083e+02 3.788169425827037973e+00 1.230131192190491589e+02 5.371800119164937826e+00
-1.249385890630250273e+01 -3.347125942974222568e+01 -1.200476223221622263e+02 4.008196894925733389e+00 1.215472233331555714e+02 5.335653947252772866e+00
-5.790448662841756544e+01 -4.315443049337751802e+01 -1.281276120018713698e+02 3.710089168302289409e+00 1.209916835985019219e+02 5.249590551597570709e+00
-1.161965429544886419e+01 -4.869546348853514672e+01 -1.217664345143915909e+02 4.124131819760480155e+00 1.312946590688288495e+02 5.635101681138252161e+00
1.302255267328281452e+00 -5.808973998491797630e+01 -1.137637233933153311e+02 4.186079947277692170e+00 1.204248313264336616e+02 5.710053002633358687e+00
