-3.667202448959076833e+02 -3.237256610132489243e+01 -1.077590346434482456e+02 3.909358746441785382e+00 1.303020625316422354e+02 5.181553643309015911e+00
-1.968431102411408347e+02 -8.008084153532547544e-01 -1.312233151830401710e+02 6.579868996032169015e+00 1.474223863597384536e+02 7.384810883216388788e+00
1.197447109079454890e+02 -3.240272842540876042e+01 9.124932129627134714e+01 7.109515311597929710e+00 2.044750534906397945e+02 6.494514875354184369e+00
-9.946196977265232420e+01 -1.076961341173166886e+02 4.500778477744642458e+00 9.157587933749306686e+00 1.910501504841071778e+02 7.382805287087606416e+00
-3.063182959131850112e+02 -2.059822961390276674e+01 -1.202776626717323865e+02 4.990135015630351667e+00 1.370977297405029844e+02 7.623899291225541219e+00
-1.999343854735156754e+02 1.381389631607198254e+01 -1.643444979538293751e+02 6.070684513114784409e+00 1.487707212458150252e+02 6.666690554098494204e+00
-3.674432990557847916e+02 -3.065316023402176882e+01 -1.048541480993952888e+02 3.930105146228612956e+00 1.226963324635255645e+02 5.035919775351906935e+00
-4.494991385130286403e+02 -2.023553821441853984e+01 -5.953058946854269351e+01 4.313914903034846482e+00 1.045559180534511796e+02 5.120750671315526859e+00
2.018781510841070030e+02 -5.184562459423887937e+00 3.677233247745726175e+01 6.035097079569993639e+00 1.561826734948534465e+02 6.832658683782227627e+00
-4.185313675098849444e+02 -3.372600408027016528e+01 -5.875914873162476226e+01 4.321121047779434399e+00 1.171795203949905328e+02 5.528197505475901607e+00
4.992151815347562582e+00 -8.511154040648563068e+01 3.616264416871652454e+00 7.729800903593273986e+00 2.224420373940141644e+02 5.952834508390225210e+00
-3.427275046808183845e+01 4.830672177158705694e+01 -6.695752681639280013e+01 7.682584739362661175e+00 1.436100971380494684e+02 7.299960754026358245e+00
2.796488953719572805e+02 2.362353332499921876e+01 1.897084752822066633e+01 7.948203934899662926e+00 1.450260235268139866e+02 7.680578223573888863e+00
2.041799654476185140e+02 1.193423667380120179e+00 5.180879101783511942e+01 6.310201796273833708e+00 1.454025102946988568e+02 7.223283481284511254e+00
1.975318238704413716e+02 -3.966805557040180119e+00 4.052760942183041948e+01 6.092821615550289671e+00 1.699087622814079452e+02 7.213753265933547709e+00
1.975318238704413716e+02 -3.966805557040179675e+00 4.052760942183041948e+01 6.092821615550289671e+00 1.699087622814079452e+02 7.213753265933547709e+00
1.838890073262517717e+02 7.510934410381978843e+00 6.647003651304645189e+01 6.901569415941474439e+00 1.572140181408769877e+02 7.856436963131088191e+00
1.442483842428587479e+02 5.560062370803899512e+01 -7.368886181286352866e+00 6.530004085132745217e+00 1.580489164784118259e+02 7.842163658966228468e+00
-3.674432990557847916e+02 -3.065316023402177237e+01 -1.048541480993952888e+02 3.930105146228612956e+00 1.226963324635255645e+02 5.035919775351906935e+00
-3.891748074763731893e+02 -4.173076326189890040e+01 -5.985491656886976131e+01 4.510323492920237598e+00 1.225330567642870818e+02 5.611770601906577838e+00
4.806620808688910529e+01 -3.336910324446436249e+01 7.855715659916722871e+01 7.469027802498914070e+00 2.237216741846886805e+02 7.011392107750992864e+00
-7.553168057942406222e+01 -2.510063327161564928e+01 -9.154376913252717429e+01 7.161217634180638392e+00 1.499929665017663467e+02 7.679934184804011466e+00
-2.039531553066349545e+02 -2.583048113902629694e+01 -1.174470310358219081e+02 7.573136204835424934e+00 1.572958597675094552e+02 8.260786595088745798e+00
-3.057799991239007795e+02 -2.775787454783094788e+01 -1.138702112019584973e+02 4.990135015630350779e+00 1.444073751579191196e+02 7.638073893342649967e+00
-7.997720380567912457e+01 -1.527578240722058567e+01 -8.606970285857396163e+01 7.283566384378063141e+00 1.487276958067998862e+02 7.770721554289423239e+00
2.446949979179182435e+02 -4.477190689919703459e+01 5.631815468563090121e+01 5.830179016482939680e+00 1.334033264202958264e+02 5.607136392666674851e+00
2.255672224307300269e+02 -6.094058914028325802e+01 7.352661858027769881e+01 5.517875817542966743e+00 1.379603113217710870e+02 5.446901751053033536e+00
1.678959667081243197e+02 -1.440834051266621074e+01 5.327682673142277991e+01 6.648270414186601585e+00 2.069727276720292650e+02 6.719341551682973090e+00
-4.864869669328948731e+01 3.279212483823943103e+01 -9.771675049610831820e+01 5.856754187961605851e+00 1.523894599373591632e+02 7.371901380202729115e+00
-3.460468406834252733e+02 -3.935892830765408856e+00 -1.199967543391702804e+02 4.318991676729221574e+00 1.249689961550463977e+02 5.764544956060788650e+00
-4.494991385130286403e+02 -2.023553821441853984e+01 -5.953058946854269351e+01 4.313914903034846482e+00 1.045559180534511796e+02 5.120750671315526859e+00
-1.119248228647389176e+01 -4.241812670054510193e+01 -3.660918201004665917e+01 6.783046830571149322e+00 2.100858395989601206e+02 6.130736589972201500e+00
8.050938577007450192e+01 -4.170171150956024064e+01 8.093607320772886737e+01 6.803643788883483978e+00 1.996242658095453066e+02 6.010156217132106349e+00
-2.552232259634582690e+01 -3.847832013517480476e+01 -6.259187932528710263e+01 7.245846542735853824e+00 1.809311678512024741e+02 6.536349044829819377e+00
-1.191507503373943848e+02 -9.582961853013996389e+00 -1.408856942640308603e+02 5.863555359822584023e+00 1.582177218266019736e+02 7.169453279780000798e+00
-1.968431102411408347e+02 -8.008084153532533112e-01 -1.312233151830401994e+02 6.579868996032169015e+00 1.474223863597384536e+02 7.384810883216388788e+00
-2.083485744623294522e+02 9.722393929462946005e+00 -1.772017570262364927e+02 6.441530927087455005e+00 1.468405938424385511e+02 7.345765722690757116e+00
2.041799654476185424e+02 1.193423667380119513e+00 5.180879101783512652e+01 6.310201796273833708e+00 1.454025102946988568e+02 7.223283481284525465e+00
1.459954645923094461e+02 2.330037815385924971e-01 9.773692555406736915e+01 7.968698005339643231e+00 1.856971391809793204e+02 7.730065690567911929e+00
-3.832544157141977621e+02 -1.979963537383108374e+01 -1.100298493015443455e+02 3.949524649577915270e+00 1.197812485324811007e+02 5.160624760968758551e+00
-4.292529954555142808e+02 -2.143702369135532493e+01 -5.858962002848651451e+01 4.203415847951243123e+00 1.033712242357610904e+02 4.971795826712188671e+00
-4.494991385130286403e+02 -2.023553821441853984e+01 -5.953058946854269351e+01 4.313914903034846482e+00 1.045559180534511796e+02 5.120750671315533964e+00
-1.307353536908408955e+02 -2.289631144046650491e+01 -1.227894424446641892e+02 5.952703163904176087e+00 1.513734702647726067e+02 7.319228508788299337e+00
-1.571933231793661605e+02 -8.187720440165067171e-01 -1.450184402673423278e+02 7.377563493416174900e+00 1.586153838692829936e+02 7.698687141837723402e+00
7.294039789779142247e+00 -9.472240238980544902e+00 3.687616316983423559e+01 1.229929562575919100e+01 1.832993385149002563e+02 7.789241009104983959e+00
2.821205888310183596e+01 -9.294193069746299329e+00 4.832679644990570011e+01 1.098740401477343376e+01 1.840324088306187491e+02 7.822365285983920558e+00
-1.168772372250016112e+01 7.098983642487954882e+00 7.358167496780242622e+00 1.042156238203770968e+01 1.684851551324329648e+02 7.079965515981996305e+00
-1.787630839733400023e+02 1.343866963418519589e+01 -1.561909145549841753e+02 6.890654636099721841e+00 1.442355365365969533e+02 7.731132005906928839e+00
-7.865322182596518985e+01 3.091249227081651618e+00 -9.651991317148275584e+01 7.657002583915705429e+00 1.408117537707701388e+02 7.558313612560837669e+00
-1.675048064100681344e+01 -3.518641357870319553e+01 -3.224867233098498076e+01 6.867919028817764726e+00 2.000247234718748359e+02 6.120912382031832522e+00
-3.062666534532310152e+02 1.364320347193918703e+00 -1.445714057106906125e+02 4.852580263406379935e+00 1.360000367647009227e+02 7.384910482774827756e+00
-1.903393466789668196e+02 -5.716997787633501105e+01 -1.194277470380478690e+02 7.539812938935314790e+00 1.501607388767117186e+02 7.613251839225156914e+00
2.925756922139511289e+02 -2.517421978906053681e+01 3.123559643574531108e+01 6.792929672931657947e+00 1.239807545548904955e+02 5.401179129867387019e+00
2.514495192275284694e+02 -3.937018508942628614e+01 5.832598065731374959e+01 5.956929003662621014e+00 1.334489696475772575e+02 5.666968401022387525e+00
2.376378100960705240e+02 -1.966170155721730595e+01 4.365235573989786388e+01 6.139674014202463503e+00 1.486205234817856535e+02 5.733706645238555666e+00
2.363646900255859009e+02 -1.507376358181453568e+01 4.098609140294438902e+01 6.221613352546839337e+00 1.548009932138679687e+02 6.775728510375699898e+00
2.018781510841069746e+02 -5.184562459423887049e+00 3.677233247745726175e+01 6.035097079569993639e+00 1.561826734948534465e+02 6.832658683782241837e+00
2.018781510841069746e+02 -5.184562459423887937e+00 3.677233247745726885e+01 6.035097079569993639e+00 1.561826734948534749e+02 6.832658683782227627e+00
1.977741776557625144e+02 -4.559732696489139592e+00 3.490701027553827629e+01 6.092821615550289671e+00 1.610696355617656366e+02 7.214669397105865301e+00
1.571335896504809284e+02 -8.887468688377765602e+00 5.800628664334468709e+01 7.171447572824173555e+00 2.117171698280515102e+02 7.402959751407806266e+00
1.460554923993690011e+02 -1.165944226308050702e+01 5.513771863498217130e+01 7.614277700224237222e+00 2.121288464589387388e+02 7.532055589198250800e+00
1.306081206337015885e+02 -1.748167766544340651e+01 5.590954281358454381e+01 7.238164922458149242e+00 2.071385768030667975e+02 6.783246118521915946e+00
1.093208009586571308e+02 -1.486344105232466362e+01 8.046085250656159360e+01 8.317949783617203607e+00 1.977753460368607250e+02 7.114614692731805690e+00
-3.291779322798753356e+02 -4.265383679605394995e+00 -1.243125545442656517e+02 4.095566246079286543e+00 1.224352379831884861e+02 5.334329702640097537e+00
-3.407591474683509318e+02 -1.875166299524841662e+01 -1.095223006435912509e+02 4.088339003804028593e+00 1.239663159894654569e+02 5.282151600927356583e+00
-3.679877835895988483e+02 -2.942160277335152330e+01 -1.060690234815695163e+02 3.951057172033778375e+00 1.200734775044014242e+02 5.252861300181287163e+00
-4.283791340676133927e+02 -2.796471659325341719e+01 -5.818622963563123562e+01 4.268903941810131109e+00 1.079349225227868487e+02 5.322630659601266245e+00
-4.364069502893745494e+02 -2.124681907708169604e+01 -5.963765654686828555e+01 4.344627553678899190e+00 1.075967471627279224e+02 5.334633276058738716e+00
-3.744178998114949195e+02 -2.323598328661841350e+01 -1.081956982824963092e+02 4.015838817269794525e+00 1.196797706381492077e+02 5.277945380358254113e+00
-6.517700690449518675e+01 -3.031504903166981535e+01 -7.460577056329083234e+01 7.145031596836518339e+00 1.496089903715682397e+02 7.571089030657105923e+00
-1.455169220149925025e+02 1.823218450427162907e+01 -1.705906600559962385e+02 7.946708399778816379e+00 1.530145091159658648e+02 7.942179276708927205e+00
-1.156809846583605639e+00 3.356903612987861152e+01 -1.769226544673086110e+01 8.485703945062786246e+00 1.653627754363115514e+02 7.746273287755457204e+00
-5.313281825221671539e+01 3.065665903004758874e+01 -1.111014484151796040e+02 5.832023326892273651e+00 1.351523122258735157e+02 7.167221520135186097e+00
-4.890306345690972023e+01 -4.082982984154978823e+01 -3.792195235576267720e+01 7.272148146688930836e+00 1.790422855082005356e+02 7.230636945293383633e+00
-6.817979700532522713e+01 -2.943557279513671077e+01 -6.698256815579192391e+01 7.161217634180638392e+00 1.538210892563175207e+02 7.968085632938169738e+00
-1.209531184138319304e+02 -1.341753914679310178e+01 -1.285827583941994590e+02 6.156295380512540660e+00 1.486683893771638338e+02 7.447511701050231636e+00
1.628022519232704894e+02 3.886170286338959112e+00 7.638731263840713837e+01 7.859994503442715441e+00 1.693070804780473395e+02 8.066212241232662450e+00
1.459954645923094745e+02 2.330037815385934408e-01 9.773692555406738336e+01 7.968698005339645007e+00 1.856971391809793204e+02 7.730065690567911929e+00
5.914851109470475166e+01 8.932684925332405612e+01 -4.875033733992858487e+01 8.104034711114833200e+00 1.781931255688613760e+02 8.070496963201890139e+00
4.120041871489003427e+01 -6.544211011776698683e+01 5.581796368333455405e+01 6.793328014738203358e+00 2.275263226530064742e+02 6.007377100106509715e+00
-9.946196977265232420e+01 -1.076961341173166886e+02 4.500778477744644235e+00 9.157587933749306686e+00 1.910501504841071778e+02 7.382805287087620627e+00
-1.136583730669318015e+02 -1.059566186650618533e+02 -2.282293649466910423e+01 9.372153738726826333e+00 1.639977057766357689e+02 7.412901791925349926e+00
-1.903393466789668764e+02 -5.716997787633501105e+01 -1.194277470380478832e+02 7.539812938935316566e+00 1.501607388767117186e+02 7.613251839225156914e+00
-1.954228156332927426e+02 -5.539911581161766918e+01 -1.115908908846073899e+02 7.723068766976539656e+00 1.560527074420690781e+02 7.901944877273578527e+00
-3.137567850852776985e+01 -1.467722992371982116e+01 -5.517225153233258084e+01 7.866354598384695862e+00 1.375113086258726867e+02 7.335590255673523075e+00
-5.436113410418432323e+01 -3.054181322318265224e+00 -5.613398963803820862e+01 7.509112247322865308e+00 1.447979281619733740e+02 7.342379493096643728e+00
1.183287413358135920e+00 -1.116103737570876930e+01 5.591165258975843244e+01 1.161309025879908852e+01 1.536133457743825090e+02 7.892633485411352012e+00
5.400777940790327847e+01 -2.664270924825902753e+01 1.194325066018837305e+02 7.896237423159117697e+00 2.054254365944003666e+02 7.241576184643491843e+00
-2.775797820681299655e+01 -3.039524746901584606e+01 -7.027138316668076357e+01 7.289840866952228993e+00 1.401906202283162770e+02 7.024256144995575823e+00
8.134162581223387534e+00 -1.795383584434025082e+01 4.423177450423396095e+01 1.078347342747347959e+01 1.831748549883416786e+02 7.398480593798936411e+00
-6.389920750196792909e+01 -1.085649508842247712e+01 -9.555493066795224877e+01 8.176031259247297456e+00 1.530323821940964137e+02 7.656533107411277683e+00
9.679369711136992516e-01 -3.581732004859699003e+01 7.153814258218476496e+00 9.722592860390745884e+00 2.114862820610358085e+02 7.053963874705615922e+00
-6.233836636614550031e+01 -3.034194394775879644e+01 -6.526453259052937028e+01 7.150179489171308411e+00 1.551262389152782930e+02 7.460553716365751598e+00
-4.170866383704001379e+01 -2.786935349147881880e+01 -7.571164599686377983e+01 7.148053166052994456e+00 1.442112599625979215e+02 6.971843897170373339e+00
-3.798190547578467857e+01 -2.025272068781060142e+01 -3.940580825066996340e+01 7.795837905583915095e+00 1.272654214623909468e+02 7.775779660353904887e+00
8.239427313125922581e+00 -1.785367134375374576e+01 4.226363901375618326e+01 1.079771471397489080e+01 1.851219800563941931e+02 7.613907026903490305e+00
3.029667429362030262e+01 -1.820554899116674363e+01 6.326565810262820833e+01 1.007970273893434943e+01 1.875977811702473161e+02 7.518876859683359726e+00
-4.264035040908795082e+01 -2.773814478138586992e+01 -7.901744113410190096e+01 7.241794412589653618e+00 1.476869239303195798e+02 7.264687286318022075e+00
-7.277441654372039181e+01 1.719006359305234266e+00 -9.036124061103157601e+01 7.571620561056413123e+00 1.470304390253936617e+02 7.490474731596890479e+00
-2.409032817880713750e+01 -3.438449742857576297e+01 -5.537347815552554664e+01 6.904787106830730714e+00 1.798288352851121772e+02 6.251256456885442958e+00
3.177165490646134405e+00 -3.185856714829493441e+01 1.584839114098800472e+01 9.367977254109478125e+00 2.135685545673800902e+02 6.885595593867080311e+00
-1.699583940636705393e+01 -2.898495283606360928e+01 -4.530273428425152105e+01 7.146145494960269851e+00 1.811972061042885116e+02 6.546649019174182627e+00
2.872006117099046563e+01 -1.671798482819908926e+01 6.656469084075187936e+01 1.017944432526311616e+01 1.833141770294921855e+02 7.651156359483749725e+00
-3.798190547578468568e+01 -2.025272068781060142e+01 -3.940580825066996340e+01 7.795837905583915095e+00 1.272654214623909468e+02 7.775779660353904887e+00
-2.351122101167894485e+01 -1.717764116168270050e+01 -1.747471469353368079e+01 8.391392721304480773e+00 1.304099210183028958e+02 8.104192227734003495e+00
-2.420558176241475792e+02 -5.901326173549497156e+01 -1.092833144814823072e+02 6.227283914054639880e+00 1.421365540598195309e+02 7.458867958304338686e+00
3.074772702724430928e+02 -2.938410131398889291e+00 3.500002050725264979e+01 7.809143033680050472e+00 1.450066463993978516e+02 7.644727306848025705e+00
