-4.207937566324001466e+01 2.679208525158223964e+01 3.962426036345728164e+01 1.788260412720657166e+00 1.670360065973800943e+02 2.391993209283342026e+00
-2.635438398753570510e+01 2.166251559669605342e+02 6.965814132115258417e+01 2.233267392323910361e+00 1.634681849779950085e+02 3.043303525506274809e+00
-9.106492646657207501e+01 9.194537261260590810e+01 3.551236709306418504e+01 1.863161600751085389e+00 1.503914475626855562e+02 2.526361239582911367e+00
-2.313783576711133207e+02 -7.358674069377485694e+01 -3.376349282050562550e+01 1.649577085466608528e+00 1.168175821526879616e+02 2.636330555118107100e+00
1.444682546834442007e+02 1.970991515856688636e+02 1.126415886482923838e+02 1.929877823636080514e+00 1.372812805884327361e+02 2.826218283728692882e+00
-1.076025071159523776e+02 2.969997211677328330e+00 -2.908098590608510037e+01 1.885244806626144021e+00 1.578270810095656600e+02 2.845935245737976516e+00
6.065782683991378121e+01 8.548763944411477667e+01 1.661365203228284031e+02 1.656236511324944649e+00 1.451943180706462613e+02 2.585385481339784519e+00
-9.598098714645988849e+00 -5.780780941667596551e+01 -2.911998095208586079e+01 1.886881229819687755e+00 1.290561505702072225e+02 2.488732308215830358e+00
1.537383106403818260e+02 1.070163730725787019e+02 1.749852920157812832e+02 1.902815120045089348e+00 1.632479402626568969e+02 2.905994969811871442e+00
-6.319140171683651630e+01 -1.495266626057015102e+01 -1.384764306764443909e+01 1.934343088205057848e+00 1.535705375389433129e+02 2.510297783772671210e+00
-1.900284621326797776e+02 -4.696216339310170440e+01 -2.223597441063775193e+01 1.704668995607867998e+00 1.321390460840398191e+02 2.759118343670692752e+00
-1.072973402631171496e+02 7.617747785925064363e+01 -1.525664285940734111e+01 1.797546206765368026e+00 1.486450385986696858e+02 2.638347379776817547e+00
3.721687876208077483e+01 2.066171296291937551e+02 9.802813508464019776e+01 2.020118062212909571e+00 1.636571416101356817e+02 2.987612792167894327e+00
-1.525875381807884992e+02 -1.918067077376097052e+00 1.648371509240999799e+01 1.726356790189908841e+00 1.327522127875840852e+02 2.724884011555985808e+00
2.059293875333587778e+02 8.931203171209621416e+01 1.217283278602175329e+02 2.166412285615451072e+00 1.645873324408655662e+02 3.275235110599851396e+00
-1.524024406374029539e+01 -1.086097790758908559e+02 -3.102214912059413265e+01 1.780002219957417031e+00 1.397829031033481044e+02 2.595870615722915886e+00
-3.291420391375430743e+00 1.522330275843770551e+02 1.007371262493048505e+02 1.823236445665090466e+00 1.493013395787191087e+02 2.710237651026645267e+00
1.609257662077496889e+02 1.286500366381411880e+02 1.553295178861054637e+02 1.929877823636080070e+00 1.230278830184442285e+02 3.082589937907449951e+00
-2.139111451942202677e+02 -1.116868036238997917e+02 -3.281688808750950415e+01 1.486296623182941090e+00 1.320115146492911151e+02 2.342884761353488443e+00
-1.535507167525640853e+02 -3.877730098921253443e+01 -3.636326346089501271e+01 1.802192974614517773e+00 1.382528842375449187e+02 2.819996292034232965e+00
-1.171843401274370677e+02 1.226426419581959664e+02 2.933741794256728763e+00 1.958737098210444394e+00 1.402811017207948794e+02 2.692387258286203178e+00
-2.111049874419333605e+02 -1.158503872614565609e+02 -2.774060152795566481e+01 1.513796010838573292e+00 1.293193237687237627e+02 2.348038232863459029e+00
1.809906844139042903e+01 -3.984461806817196816e+01 8.465299096117230704e+01 1.650829817632123664e+00 1.858258324345676158e+02 2.454740773962441835e+00
-3.131300071534449359e+01 -5.735153473389058831e+01 -6.376466064278335466e+01 1.886881229819687755e+00 1.244448070431225375e+02 2.582669582324662372e+00
-9.014897213977866386e+01 1.328806299883385407e+02 2.770801234424587633e+01 2.042067805886509380e+00 1.371868342808448915e+02 2.784708885692865010e+00
8.081524022905031757e+01 5.031195625601267096e+01 1.802020322514260329e+02 1.591791585191705716e+00 1.944699205532824919e+02 2.500615121508445782e+00
7.433818051312302089e+01 6.442093357768679596e+01 1.681602110663284861e+02 1.676702042411288618e+00 1.878798751862476593e+02 2.486199942297545817e+00
3.228346806049005124e+01 2.004957778511562196e+02 9.558286846721762231e+01 1.971442492800115076e+00 1.621090373791664945e+02 2.967394374807284407e+00
-6.843227148714744601e+01 2.652838025396086508e+01 1.885064730555780699e+01 1.683519357132290839e+00 1.612474108319262314e+02 2.381957041486131743e+00
1.558672727570234962e+01 -6.207126843621568213e+01 3.152352766271052786e+01 1.720042570739343413e+00 1.719446059055066769e+02 2.370622627057528575e+00
1.868089142581754061e+02 1.549631709366812800e+02 1.195946656229031504e+02 2.076540041672062298e+00 1.072871264411532337e+02 3.197531068678586053e+00
-8.986536205750942941e+01 1.733562461086717690e+02 4.732582511540022807e+01 2.163921817837567652e+00 1.335550822694516455e+02 3.066978156339530415e+00
-1.063968072589153167e+02 -6.999699290642402616e+01 -4.352808599923701394e+01 1.922720584228023499e+00 1.592167940262584125e+02 2.947867891479944547e+00
7.397739420314982794e+01 6.631767610494529208e+01 1.687143515946798402e+02 1.623374714425472432e+00 1.875468674758392069e+02 2.450263966959724371e+00
9.053723245109188156e+01 9.894791767253849457e+01 1.975152504790287082e+02 1.804820015358476804e+00 1.592493249593228200e+02 2.719049332473943537e+00
-6.104826600513429469e+01 -9.234407832177948805e+00 -3.556219542744103457e+00 1.822205809055763792e+00 1.478950979579782938e+02 2.456001331189511916e+00
-6.353802591855529158e+01 1.594715871045130200e+02 7.888567244569308912e+01 2.076251500283300633e+00 1.563369038327163594e+02 2.882685490836792042e+00
-8.093285231320072270e+00 7.564151908475864161e+01 9.411636097602151096e+01 1.654528145268321149e+00 1.795837130699774775e+02 2.475201508497193004e+00
2.267525663551385051e+01 -5.373985007513339696e+01 3.021629530894862370e+01 1.720042570739343413e+00 1.733755749810220550e+02 2.359710368777527378e+00
-1.990150540956226166e+02 -5.464151282489945061e+01 -2.873778130011735854e+01 1.649577085466608528e+00 1.280132317379730864e+02 2.669705827699758061e+00
-1.900697540393213814e+00 -6.047361991725236408e+01 1.254242643622957054e+01 1.844347114847405100e+00 1.663359852828004080e+02 2.282062215223490398e+00
4.723172629393371835e+01 -4.558180994355424787e+01 7.097171794703784542e+01 1.630987260252173776e+00 1.808220395858867846e+02 2.441992409138663334e+00
7.377760499017925611e+01 8.848532153047642623e+01 1.799164080970519421e+02 1.656236511324944649e+00 1.355756246528113991e+02 2.540720290164657058e+00
-2.757727943385225444e+01 -1.003716906722406463e+02 -6.590247668060470687e+01 1.891283370858797497e+00 1.246396706510411008e+02 2.618111015582663015e+00
-1.035892804234678444e+01 -4.487783087009766803e+01 2.431495516519967737e+01 1.886881229819687755e+00 1.518151754601627488e+02 2.554102762795466219e+00
6.657057072963708322e+01 2.095470109119659980e+02 1.072702653652827678e+02 1.943506587307222144e+00 1.598206807644117191e+02 2.965059315171174603e+00
-7.186434309531969689e+01 -2.148394375276669734e+02 -4.602362182578888650e+01 2.126235524512611885e+00 1.259712665650385475e+02 3.142249452375551755e+00
-7.192155425526961210e+01 1.165004381603049950e+02 7.161800901357275961e+01 1.869237555120637939e+00 1.360805276297824946e+02 2.620262647908333520e+00
5.886053677720268240e+01 9.632437840961549114e+01 1.639160712610023154e+02 1.543816589610355283e+00 1.471663259716705738e+02 2.432197304042972519e+00
7.391767260086932367e+01 1.058052533817624976e+02 1.588990649130683721e+02 1.725912936845892975e+00 1.458799078009031405e+02 2.658756406008023987e+00
-2.854654377879515081e+01 1.648288410370298323e+02 8.323463255869656052e+01 2.055541439209167986e+00 1.429011808908519754e+02 2.903541080670123620e+00
3.591376747575019834e+01 6.272192072752706338e+01 1.356842069415664582e+02 1.630195523669377478e+00 1.582798155166981360e+02 2.443833728542784911e+00
8.661783472611709556e+01 1.230028167151248226e+02 1.508784160138287405e+02 1.758052897725416397e+00 1.469430076594323680e+02 2.783541085358123723e+00
-5.623120490628867429e+01 -2.019637376458915980e+02 -6.515974154640241522e+01 2.126235524512612329e+00 1.314836396666900953e+02 3.143773725831024990e+00
-1.020813608329661548e+02 9.503757753831686728e+01 1.990366492146593780e+00 1.889100428367444184e+00 1.479754287035520122e+02 2.651745947732891295e+00
-1.744348061453383991e+02 -1.850431675082469098e+02 -5.579945765678219516e+01 1.794922019083765363e+00 1.170849584703346977e+02 2.948673583754498395e+00
1.114137823853130556e+02 -3.521891043370320062e+01 1.327158494647584064e+02 1.643218850026263667e+00 1.973188979798944729e+02 2.515041372001221021e+00
-2.149102245511709270e+02 -1.164782759844485156e+02 -3.905995810805895729e+01 1.509650337082497851e+00 1.217556569527674952e+02 2.420690463635700951e+00
-9.820512763180818183e+01 -3.749531396226284130e+01 -5.845031719989062680e+01 1.929450369155045308e+00 1.457039464118937246e+02 2.791367545238898629e+00
-4.336559013052050915e+01 3.145662562273463081e+01 3.184068888877864367e+01 1.750251772328360822e+00 1.739098257718637228e+02 2.426796652429516143e+00
-1.780015945403087585e+02 -5.846157532481533536e+01 -2.859153559612444795e+01 1.669877362464678328e+00 1.337924792355684076e+02 2.721646015147797470e+00
-9.690145858583629490e+01 -1.091011359817132842e+01 -3.992668068940603376e+01 2.055632596459743500e+00 1.492234147176641841e+02 2.839309419516254707e+00
5.886053677720268240e+01 9.632437840961547693e+01 1.639160712610022870e+02 1.543816589610355283e+00 1.471663259716705738e+02 2.432197304042972519e+00
1.186940196185980341e+02 5.032611511939305160e+01 1.662389600533091993e+02 1.656236511324944871e+00 1.894237247548468872e+02 2.600325322781912973e+00
9.502421930545773421e+01 1.261344134973574143e+02 1.543232334756925184e+02 1.853042825645197622e+00 1.482040063561036050e+02 2.863455795438383689e+00
1.091088792423344813e+02 -1.140349397727527681e+01 1.451060861911214488e+02 1.634411590980160423e+00 1.952921145361481194e+02 2.485356384185934076e+00
3.674956458317756613e+01 -4.504302512430965777e+01 6.037550086912150249e+01 1.599110137058716408e+00 1.856809360165981104e+02 2.435525820157010912e+00
8.726922442026227600e+01 1.776124650302125474e+02 1.371957798520523113e+02 1.824891562290402280e+00 1.470898619891935368e+02 2.975078643405765888e+00
-2.158959511156043050e+02 -9.373046240660653439e+01 -5.146081209318488447e+01 1.571793261070048908e+00 1.253357391169813013e+02 2.412254135306980629e+00
-7.186434309531971110e+01 -2.148394375276669734e+02 -4.602362182578889360e+01 2.126235524512612329e+00 1.259712665650385475e+02 3.142249452375551755e+00
-1.166521055729031104e+02 -1.321788322308618149e+02 -5.174719393942520185e+01 1.820649509487709983e+00 1.567527033259713676e+02 2.748767751410241544e+00
-5.204532972501236543e+01 -8.300668547565970812e+01 -5.229172226340499208e+01 1.937237459846800292e+00 1.299334829826400153e+02 2.551640265058011892e+00
-1.556470245360290505e+02 -1.628571116159225767e+02 -5.109444581351294801e+01 1.756390438425521117e+00 1.207535092657766143e+02 2.843549660906418808e+00
-8.960451549843345731e+01 -3.359510995396741606e+01 -6.658946012570976336e+01 2.060892118606445056e+00 1.445515478990107567e+02 2.792107830920528500e+00
7.391767260086933788e+01 1.058052533817624834e+02 1.588990649130683721e+02 1.725912936845892975e+00 1.458799078009031405e+02 2.658756406008023987e+00
1.244045083037739943e+02 1.433723941783750035e+02 1.585067432881857030e+02 1.850666722620309068e+00 1.387115261973567897e+02 2.886260682497621133e+00
1.413399312792708713e+02 5.272526532083154649e+01 1.755692603271084806e+02 1.834428288048917999e+00 1.720660919530631929e+02 2.917867453292160462e+00
1.059788351278110383e+02 6.064612208263378790e+01 1.994002084319197081e+02 1.643031359741436548e+00 1.837852755255436534e+02 2.572101029012273443e+00
9.827142008213161262e+01 9.146094430672758335e+01 1.988147947218038496e+02 1.845293910652138214e+00 1.595354114295631689e+02 2.752060856628432362e+00
9.590868609630511799e+01 9.750440667450259014e+01 2.024226501261821625e+02 1.887872210695861197e+00 1.592439245308906379e+02 2.707847038354245228e+00
-8.695677393077596662e+01 -4.084391949711036318e+01 -5.695009767731729511e+01 2.114144634339270024e+00 1.398297536291900940e+02 2.827803229516604233e+00
7.586359019397808368e+01 2.210713563563180060e+02 1.089565615322197090e+02 2.020118062212909127e+00 1.506549949387673166e+02 2.896104307829332924e+00
4.127735746209864054e+00 -6.501198544398160095e+01 1.428044522160738872e+01 1.860762413582613739e+00 1.651495912801482007e+02 2.324479239043682810e+00
1.896418243208697163e+01 6.395044499684263428e+01 1.044601753951307614e+02 1.610842996711636443e+00 1.745674296654447346e+02 2.421702367132382960e+00
-3.131300071534449359e+01 -5.735153473389059542e+01 -6.376466064278335466e+01 1.886881229819687755e+00 1.244448070431225375e+02 2.582669582324662372e+00
6.933279785701503783e+01 -1.249772883325840809e+02 6.398222294705189483e+01 1.921457577342873257e+00 1.520321018732556979e+02 2.432064878858753332e+00
1.645402052004141353e+02 1.519684507969022320e+02 1.337886686273401153e+02 1.995362253266218522e+00 1.219579845684570216e+02 3.039730563076091130e+00
5.448459004239627035e+01 2.191566307392936324e+02 1.133266128504762094e+02 2.020118062212909127e+00 1.506576499883095721e+02 2.901488024521029274e+00
4.723172629393371835e+01 -4.558180994355425497e+01 7.097171794703784542e+01 1.630987260252173776e+00 1.808220395858867846e+02 2.441992409138677544e+00
8.390049407937166848e+01 1.120951051710778898e+02 1.535353258885411378e+02 1.743181569884550974e+00 1.471767220045343834e+02 2.822579804661756953e+00
6.998465997878790290e+01 1.003514534816753496e+02 1.658364258936974807e+02 1.669462072736641378e+00 1.486726185280934658e+02 2.635861031456826709e+00
-1.614999781472515963e+02 -1.782095788104514611e+02 -6.321330915875078915e+01 1.854085373063733888e+00 1.167987478528772556e+02 2.936886760042746403e+00
3.591376747575019834e+01 6.272192072752706338e+01 1.356842069415664866e+02 1.630195523669377478e+00 1.582798155166981360e+02 2.443833728542799122e+00
-7.946353732330199193e+01 1.176050556889994425e+02 4.949714030466576986e+01 1.827718322312070764e+00 1.419233155616088311e+02 2.584055044621379693e+00
1.798824975348014164e+02 1.594320904346733698e+02 1.155102928729608607e+02 2.045241104244686969e+00 1.098077866091471719e+02 3.139107996186183414e+00
-1.518382645960780319e+00 -1.831795114076381594e+02 -1.158005176746390497e+01 2.198369016788596753e+00 1.377273665616241942e+02 3.050306144055710433e+00
-9.153582328251714273e+01 2.096570574675168164e+00 -2.377619642774120123e+01 1.929708930100013209e+00 1.493118464824542855e+02 2.840431511754630378e+00
5.346458826272635889e+01 1.019656247337743693e+01 1.965989403768290913e+02 1.643006855402646460e+00 1.821951975217788231e+02 2.431193597399911255e+00
-6.429683446018879067e+01 -1.196567282885671517e+02 -1.034020020798100887e+02 1.852921713007216420e+00 1.224487239623181978e+02 2.522912470381179162e+00
8.529546807458474689e+01 3.798252736667047458e+01 2.252030339248706241e+02 1.623191724953045201e+00 1.852548244985808594e+02 2.511959201229458927e+00
-1.228423564777318973e+02 -2.051299739095540176e+01 -3.041862736648567633e+01 1.842783606120674156e+00 1.462285539831397045e+02 2.867706892769462002e+00
-5.354927339690398469e+01 -1.854712391619391383e+02 -8.036097691894795503e+01 2.058391094307918667e+00 1.364714164211685556e+02 3.135767184001750252e+00
7.429883321267939777e+01 8.262313281764046735e+01 1.896407164338745304e+02 1.711781626003856083e+00 1.578858052517704778e+02 2.566954906808319947e+00
-5.152381857711885971e+01 -1.090305348960169027e+02 -8.654330700198826776e+01 1.895856843462840446e+00 1.189506094982282889e+02 2.617146482899563864e+00
-8.474842140663568557e+01 1.068326301147580324e+02 2.339732266204939748e+01 1.827718322312070764e+00 1.520307863559220038e+02 2.583668521273040142e+00
3.319694530326580661e+01 1.859578675701626196e+02 9.394077565696446186e+01 1.881328531260822556e+00 1.551640744502412304e+02 2.880108377640937078e+00
-3.007361789265821628e+01 -8.671154348358824393e+01 -4.575472653566956183e+01 1.900580463562780098e+00 1.298121720024743979e+02 2.686887006317363102e+00
-2.757727943385225444e+01 -1.003716906722406463e+02 -6.590247668060470687e+01 1.891283370858797497e+00 1.246396706510411008e+02 2.618111015582663015e+00
-6.860409202057564926e+01 5.993948193005832081e+01 3.961107289314135471e+01 1.750937519731271319e+00 1.644348731261103467e+02 2.515419372526267239e+00
2.267525663551385051e+01 -5.373985007513339696e+01 3.021629530894861659e+01 1.720042570739343413e+00 1.733755749810220550e+02 2.359710368777527378e+00
-2.351738627816342273e+02 -3.043950964597232911e+01 -1.702365912380158619e+01 1.598111981083572442e+00 1.177010089166613795e+02 2.486148531541530815e+00
1.157501351872518143e+02 1.181181791640927514e+02 1.557283182357081159e+02 1.836762850094594723e+00 1.394903222449500220e+02 3.011500943620347925e+00
-8.157674686086346583e+01 3.271635274617811007e+01 2.592745640660855599e+01 1.718887789952691536e+00 1.636366401512815116e+02 2.454658986452457725e+00
-1.625133510165588646e+01 -7.926536783201063940e+01 -3.959225671062942098e+01 1.874327608877555118e+00 1.353795036185315723e+02 2.624627054519962144e+00
1.972230125645666021e+02 1.451012872322990575e+02 1.384283563183158208e+02 2.132051989247077284e+00 1.244673752434749474e+02 3.324187572628005682e+00
2.267525663551385051e+01 -5.373985007513339696e+01 3.021629530894863080e+01 1.720042570739343413e+00 1.733755749810220550e+02 2.359710368777527378e+00
7.553338270942896315e+01 1.331657173308319102e+02 1.520629809094677682e+02 1.711985136052458945e+00 1.342538640039831250e+02 2.523709595914780834e+00
8.580233562443270046e+01 1.023852468591509250e+02 1.818517096102821142e+02 1.743181569884550974e+00 1.387116073009032391e+02 2.818811000407450251e+00
-2.317046916568768040e+02 -1.022075963327966122e+02 -5.470243129300484952e+01 1.497094287660217127e+00 1.095879897616522527e+02 2.339314142894878046e+00
-9.265133142109877440e+01 5.508500995829163571e+01 -1.217816618367361414e+01 1.854226128342324031e+00 1.373441935430835770e+02 2.658997430075501711e+00
-4.060381134900931244e+01 -2.074801537717102065e+02 -5.383310524707486167e+01 2.259067807252111315e+00 1.283376308804241717e+02 3.114707802852407781e+00
-1.185853098926776994e+02 -5.105283623297636098e+01 -4.286035821711785587e+01 1.929450369155045308e+00 1.413255461691197468e+02 2.824198549873401021e+00
1.190082886417328041e+02 1.212183544983583658e+02 1.524409158360481342e+02 1.878698732505535096e+00 1.393094666560747328e+02 3.036995912640350070e+00
1.262344818024291326e+00 -5.159286525578241367e+01 2.695881647000430092e+01 1.904065921694615193e+00 1.606453858658878460e+02 2.380583150896924849e+00
2.433417962135053614e+01 1.521920668673406851e+02 1.074908275856319619e+02 1.825542590388131714e+00 1.577737620772224716e+02 2.937362770910155518e+00
9.180746739881836049e+01 -2.670091780913927693e+01 1.433308433493366465e+02 1.571964844663762850e+00 2.008286334166520248e+02 2.407847731059334251e+00
-6.860651152054491320e+01 -3.392811794526526370e+01 -6.388019190485843524e+01 1.907155888911412855e+00 1.306244999990430529e+02 2.636094351168878802e+00
2.259095177126538090e+01 -1.252204942336839366e+02 1.070933758208095732e+01 1.927599082217090976e+00 1.783534692681922706e+02 2.578575157762784897e+00
5.448459004239627035e+01 2.191566307392936324e+02 1.133266128504762094e+02 2.020118062212909127e+00 1.506576499883095721e+02 2.901488024521029274e+00
-1.420796797718344351e+02 1.030125583145325407e+02 -1.240289176832056839e+01 1.843837658433022719e+00 1.347042222797786053e+02 2.616971318007770719e+00
-2.879430254818576529e+01 -9.147954494943878956e+01 -5.600004349244318291e+01 1.918016744590627320e+00 1.230930034567359144e+02 2.648416294790237657e+00
-3.363272628256904540e+01 1.922491925697463344e+01 3.195115674395188421e+01 1.764783542015172957e+00 1.614773281299885639e+02 2.327890576449703985e+00
-8.474842140663568557e+01 1.068326301147580466e+02 2.339732266204940458e+01 1.827718322312070764e+00 1.520307863559220038e+02 2.583668521273040142e+00
1.157501351872518143e+02 1.181181791640927514e+02 1.557283182357080875e+02 1.836762850094594723e+00 1.394903222449500220e+02 3.011500943620347925e+00
4.723172629393371835e+01 -4.558180994355424787e+01 7.097171794703784542e+01 1.630987260252173776e+00 1.808220395858867846e+02 2.441992409138663334e+00
-9.059840075403984372e+01 -2.702015811648751153e+01 -5.173582991523107211e+01 1.929450369155045308e+00 1.493812153518640855e+02 2.813630111430271086e+00
5.826951149800608221e+01 1.624533170647594318e+02 1.163053899717373980e+02 1.752376873614398312e+00 1.475524567738538337e+02 2.740514062029973275e+00
-8.526530409667685717e+01 -1.958274306215423621e+02 -8.139264358918168796e+01 2.008156713635600443e+00 1.271024291664010661e+02 3.068208260291584111e+00
-1.990150540956225882e+02 -5.464151282489942929e+01 -2.873778130011735499e+01 1.649577085466608306e+00 1.280132317379730864e+02 2.669705827699758061e+00
1.718258164566080666e+02 1.816294518190496206e+02 1.325164345173180607e+02 1.948121868054501382e+00 1.254493921866503143e+02 2.774707529914046233e+00
1.247809078335333197e+02 9.754930120034495644e+01 2.043147176084573857e+02 1.887872210695861641e+00 1.586497636304573859e+02 2.803965126634565763e+00
1.927504767486100548e+02 1.437713842788041632e+02 1.342965691179413454e+02 2.076540041672062298e+00 1.210045453691719786e+02 3.017975071542920773e+00
-5.056760948812507195e+01 -2.597102382344461091e+01 -2.946447221464060107e+01 1.869761146300483290e+00 1.411534271634946833e+02 2.231665056978030748e+00
8.580233562443271467e+01 1.023852468591509250e+02 1.818517096102821142e+02 1.743181569884550974e+00 1.387116073009032675e+02 2.818811000407436040e+00
-6.916613757584306654e+01 -1.561204234617361237e+02 -9.198134723191569151e+01 1.985726185919805431e+00 1.256226492317368724e+02 2.966763491038413747e+00
-7.714188748678763830e+01 5.540155614892066183e+01 3.218709780948076116e+01 1.750937519731271319e+00 1.693946501516503247e+02 2.524070665128206770e+00
4.194023738911696597e+01 1.337794497273403351e+02 1.187241320208270139e+02 1.799063242863622181e+00 1.636222707946567994e+02 2.868496155956009375e+00
-8.557203078114802963e+01 1.273392322273229809e+02 4.435896683590861755e+01 1.912941059521855447e+00 1.432318400356568588e+02 2.667031424612247292e+00
4.723172629393371835e+01 -4.558180994355425497e+01 7.097171794703784542e+01 1.630987260252173776e+00 1.808220395858867846e+02 2.441992409138677544e+00
-7.186434309531971110e+01 -2.148394375276669734e+02 -4.602362182578890781e+01 2.126235524512612329e+00 1.259712665650385475e+02 3.142249452375551755e+00
