-2.944201102646964685e+01 2.286771451888051274e+02 4.716358971521808741e+01 4.718772748559000974e+00 1.861295247938918465e+02 2.856416182135362192e+00
-1.182534088588045194e+02 9.039468233948883835e+01 5.064327724228067495e+01 3.602352556771769798e+00 1.455516746726055146e+02 2.397711868188039830e+00
1.321745555563837513e+02 1.007263584511384522e+02 2.187469780782626572e+02 2.950215119852489298e+00 1.271473161336879940e+02 2.116980535623561366e+00
-6.117743746074854272e+01 -4.770767114754458760e+01 -4.160740068362007094e+01 3.335838994709745098e+00 1.482689785491219823e+02 2.692280148602961276e+00
-1.958153341810243262e+02 -3.513207103681537546e+01 -1.278596833904926555e+01 3.205160235299461480e+00 1.316305815530722327e+02 2.575059419964560448e+00
-1.265931497659873912e+02 7.439649806636609242e+01 2.545157953369937331e+01 3.509190737646216807e+00 1.450508876222410493e+02 2.544939829833381850e+00
-1.844476687423717749e+02 -3.212289597338348290e+00 3.009937641311455891e+01 3.015784142343644003e+00 1.347752202743516250e+02 2.568465367386338016e+00
1.963867131726201762e+02 1.057947854472851361e+02 1.354054601371900333e+02 3.875841721815097785e+00 1.396467328654702271e+02 3.202313981760170236e+00
3.698505845516052215e+00 -1.094499524324313597e+02 -1.480843243243243990e+01 3.113513513513513686e+00 1.741048247464727865e+02 2.676192318912910650e+00
-1.203897328627845198e+01 1.239943834602899102e+02 1.200052722011719908e+02 3.949113744102354939e+00 1.327510828581070257e+02 2.513427208893148190e+00
1.451768795765061952e+02 1.134643457258884354e+02 2.007545408151945310e+02 3.131198828463023887e+00 1.300246515088581134e+02 2.369070045895540488e+00
-1.854433310012998106e+02 -3.116374252606108186e+01 4.271412023893318421e-01 3.205160235299461480e+00 1.360972079067017546e+02 2.674376753064493073e+00
-1.238067349232818373e+02 1.100485908968127404e+02 2.666940741175779550e+01 3.767278707080198519e+00 1.380545182165364793e+02 2.625392622145753307e+00
-1.010845850469244454e+02 1.281401051370406492e+02 7.563396395019340446e+01 4.148196921774506052e+00 1.412034348024154724e+02 2.566513409711831173e+00
7.654734206756165804e+01 7.030818973786196580e+01 1.538846822584106064e+02 2.936584860569559918e+00 1.929321383284806757e+02 2.319607935225860729e+00
-1.111755959217352085e+02 1.530161975101676148e+02 7.771670693183449430e+01 4.777076371696756141e+00 1.422184587175659374e+02 2.736488188005083089e+00
-1.056471690003397299e+02 -6.937760627138503366e+01 -4.994183014446193170e+01 3.881657846384050536e+00 1.772020315910627346e+02 3.159283353937411221e+00
8.994792321872100160e+01 9.809103667409870297e+01 1.961692367798129339e+02 2.978420242226461401e+00 1.363149294831640930e+02 2.414200960737886703e+00
-1.958153341810243262e+02 -3.513207103681537546e+01 -1.278596833904926555e+01 3.205160235299461480e+00 1.316305815530722327e+02 2.575059419964560448e+00
5.683558435970472722e+00 -7.268611149856442921e+01 4.634517766497466162e+00 3.178106378282939737e+00 1.652696281837652066e+02 2.623455301766256298e+00
5.016706646148342941e+01 -4.745009389594292060e+01 6.075501843506759769e+01 2.949610815239656070e+00 1.744111521663680833e+02 2.319504201616595651e+00
8.318552738389163892e+01 9.890380737364820618e+01 1.892411639796680731e+02 2.936584860569559918e+00 1.361875177833857151e+02 2.386752599073147962e+00
8.776513244155653126e+01 2.171551483138355536e+02 1.449209424021643713e+02 4.186344542800863877e+00 1.561116587574419441e+02 2.800540191029071480e+00
7.401491163011441188e+01 9.888116607875423369e+01 1.998893780560147775e+02 3.162989279885004112e+00 1.415378394635158941e+02 2.607438858730859010e+00
8.759703234259487203e+01 1.235683665473693793e+02 1.852735721972021850e+02 3.163684189550037829e+00 1.433129791749512378e+02 2.414692393103024415e+00
-1.182534088588045194e+02 9.039468233948885256e+01 5.064327724228067495e+01 3.602352556771769798e+00 1.455516746726055430e+02 2.397711868188025619e+00
-3.481746196740887456e+01 3.203684815796925278e+01 2.710243261713543816e+01 3.419913629732310945e+00 1.531322630930529840e+02 2.620925476701742696e+00
-1.973088750774725213e+02 -3.887910757821641994e+01 -2.395946404894275261e+01 3.282700225639117342e+00 1.194968200413718051e+02 2.687336951701638554e+00
7.401491163011441188e+01 9.888116607875423369e+01 1.998893780560147775e+02 3.162989279885004112e+00 1.415378394635158941e+02 2.607438858730859010e+00
1.162801024844047078e+02 4.681126905279950279e+01 1.855376705556654429e+02 2.847538066047063943e+00 2.016590191387432185e+02 2.270793533965587585e+00
1.095503289995806711e+02 -1.409431602209789247e+01 9.879451763705905876e+01 3.059923501912451993e+00 1.950148712278117671e+02 2.405226246340831153e+00
5.482466326323743289e+01 -3.246422388687051352e+01 9.198681444678004482e+01 2.751767628511370578e+00 1.722135012128839833e+02 2.190262366817762540e+00
9.822775146310188177e+01 1.871228316719383145e+02 1.520324496044014211e+02 3.535583827309578542e+00 1.411433314046398948e+02 2.461015338430570409e+00
-2.026397486330176037e+02 -7.606783008187152006e+01 -5.783902102120479327e+01 3.084333978817060284e+00 1.296251904530905676e+02 2.329586001055602651e+00
-4.556476984034929245e+01 -2.261657110295752489e+02 -9.098854361662297663e+01 4.852115312616997578e+00 1.249427468883248196e+02 3.651693635337167620e+00
-5.604987879140094265e+01 -7.655595321545982301e+01 -1.022045792120058820e+02 3.881657846384051425e+00 1.175177007943909757e+02 2.663783867381610548e+00
-1.200654921510217008e+02 -1.458798376703365989e+02 -1.382141953415054161e+02 3.658764233712899383e+00 1.117563868420950826e+02 3.144874103438169755e+00
1.108784557349040369e+02 1.319540386754986798e+02 2.062353200883002557e+02 3.178807947019868241e+00 1.078990732119604417e+02 2.282215989861924754e+00
-6.994621063142915318e+01 -6.134262620187034543e+01 -4.280041374625621842e+01 3.631086547071356030e+00 1.680435955340161058e+02 2.923069821596612883e+00
9.183739343962177770e+01 2.275353530804710260e+02 1.399616074031843311e+02 4.410567723903303872e+00 1.557184639020048849e+02 2.807613778826365092e+00
7.374404888186981566e+01 -1.489117843194791817e+02 -1.916289380834915734e+00 4.046585693321260280e+00 1.355945795376791523e+02 2.777918342791238615e+00
6.319193542883066073e+01 -4.303361842989767183e+01 5.984397864346450291e+01 2.847538066047063499e+00 1.667879192267833446e+02 2.173206986887905146e+00
7.401491163011441188e+01 9.888116607875421948e+01 1.998893780560147775e+02 3.162989279885004112e+00 1.415378394635158941e+02 2.607438858730844800e+00
-1.310731735140333001e+02 -1.593476192073796085e+02 -1.164993592879941815e+02 4.109876284336338337e+00 1.097665249518267387e+02 3.408160563844376156e+00
3.858131053857277237e+01 -2.013525190772954261e+02 1.188312424119790123e+01 5.244840145690003119e+00 1.474742011336220173e+02 3.264912393890227804e+00
-1.124657082833404331e+02 -8.973175071200019559e+00 3.177406797867407651e+00 3.476786928542567878e+00 1.701846350291353360e+02 3.024380675956919617e+00
6.957992096042902119e+01 -1.168525587954723655e+01 1.265978446459853046e+02 2.873805352905958621e+00 1.771479889809647261e+02 2.333155943353148132e+00
9.059534680251270800e+01 3.415446844801356008e+01 1.979831696121693767e+02 2.873805352905958621e+00 1.910189519393298383e+02 2.397380276463223936e+00
-1.462080088677192293e+02 -4.297832074738980879e+01 -2.477596010761483569e+01 3.476786928542567878e+00 1.585432433123530984e+02 2.932940261030935858e+00
-4.185281701511052432e+01 -1.817130617730080360e+02 -1.339808018068887634e+02 4.065499717673630720e+00 1.313906008814937820e+02 3.462942018124195442e+00
7.654734206756167225e+01 7.030818973786198001e+01 1.538846822584106064e+02 2.936584860569560362e+00 1.929321383284806757e+02 2.319607935225860729e+00
-4.537104989021220547e+01 -9.798231636171514936e+01 -1.124478429732971136e+02 3.881657846384051425e+00 1.204282358917542268e+02 2.669683624956682877e+00
-3.469397027914234144e+01 -7.896406674509640311e+01 -6.034810558712618445e+01 3.705843426014432840e+00 1.460235939839860180e+02 2.809522569196374775e+00
3.294030103747503802e+01 -6.236327898402181091e+01 -4.608357230643178148e+00 2.949610815239656070e+00 1.662139885809855855e+02 2.406162591942560880e+00
1.256572064628633996e+02 1.115735198810275790e+02 1.875628702441442215e+02 3.212293964555706705e+00 1.241851843015099632e+02 2.670900651903522771e+00
1.927273273286178608e+02 1.301139625061983622e+02 1.571113828251398559e+02 4.067426640414736561e+00 1.215983552520345512e+02 3.235598082186776026e+00
-2.028168447983201617e+00 -2.334596504367362968e+02 -5.008112081639711732e+01 5.604081985643864172e+00 1.093990859193988001e+02 3.709381872041852546e+00
1.481250103746989666e+01 -6.936864080294861878e+01 1.560016386726754245e+00 2.949610815239656070e+00 1.607608472234455519e+02 2.462258623946041780e+00
3.260057524890615355e+01 -1.486555654847318522e+02 -3.633149187858408169e+01 3.891073948419251138e+00 1.579892717876755057e+02 2.951443939184159149e+00
6.890690584999201462e+01 2.198714425895132081e+02 1.513930788508520777e+02 4.410567723903303872e+00 1.535626582213267000e+02 2.725730324332729992e+00
6.532863073701516043e+01 1.671703078086906942e+02 1.216854705077140295e+02 3.631086547071356030e+00 1.568875074695241665e+02 2.368312196013377502e+00
-1.958153341810243262e+02 -3.513207103681537546e+01 -1.278596833904926555e+01 3.205160235299461480e+00 1.316305815530722327e+02 2.575059419964560448e+00
1.698787129563447991e+02 1.852409774170035064e+02 8.104205174333463901e+01 3.870054792867603233e+00 1.294520760745072039e+02 2.603543128828221143e+00
1.298648950006067366e+02 9.276441318419357174e+01 2.113796179255407992e+02 3.090939445252689488e+00 1.416779799404268942e+02 2.611265305040703311e+00
8.318552738389163892e+01 9.890380737364820618e+01 1.892411639796680731e+02 2.936584860569559918e+00 1.361875177833857151e+02 2.386752599073147962e+00
6.178879763422269633e+01 1.197671489781480432e+02 1.844047817758207657e+02 3.516884690553024662e+00 1.397152819128959891e+02 2.640100387679410687e+00
-1.010845850469244454e+02 1.281401051370406492e+02 7.563396395019340446e+01 4.148196921774506052e+00 1.412034348024154724e+02 2.566513409711831173e+00
5.016706646148342941e+01 -4.745009389594292060e+01 6.075501843506759769e+01 2.949610815239656070e+00 1.744111521663680833e+02 2.319504201616595651e+00
-4.556476984034929245e+01 -2.261657110295752489e+02 -9.098854361662296242e+01 4.852115312616997578e+00 1.249427468883248196e+02 3.651693635337167620e+00
