-4.999528943112675705e+00 -1.870750770734308688e+01 -4.466976531143250106e+00 7.433376245805667359e+00 1.411202589991954426e+02 6.098953458653213033e+00
1.500240681507355234e+01 -1.480384992981648651e+01 -1.195875895762445751e+01 7.748848103921911701e+00 1.706537063763925346e+02 6.408172837853342685e+00
3.879854221827208960e+01 -4.582843323695613869e+00 -1.948366452164997709e+00 6.867531878950783764e+00 1.774167410364647708e+02 6.283405441584264395e+00
-8.674991677548924418e-01 -5.677375879768923994e+00 8.249577744728931350e+00 6.785029781004852545e+00 1.351028774675062039e+02 5.764909204479607752e+00
-5.867797613317208061e+00 -1.838545369085242953e+01 -1.593253103295410966e+01 7.472478639648080900e+00 1.569029636431383494e+02 6.139209155629970383e+00
1.312655065388985349e+02 2.525361916670966167e+01 1.819567011877947849e+01 5.683415227093891353e+00 1.571394285340251429e+02 5.939368085122822549e+00
2.085638102400034910e+01 4.408304239435733574e-01 5.862687671836105174e+00 7.003483811134724846e+00 1.744701908636544090e+02 6.207035724305995927e+00
5.914975779278042012e+01 3.313472174571772122e+00 -6.718773343071067217e-01 6.189021148233425862e+00 1.685563629768986118e+02 6.128161624188535939e+00
5.914975779278042012e+01 3.313472174571773454e+00 -6.718773343070970627e-01 6.189021148233425862e+00 1.685563629768986118e+02 6.128161624188535939e+00
-8.674991677548924418e-01 -5.677375879768923994e+00 8.249577744728943784e+00 6.785029781004852545e+00 1.351028774675062039e+02 5.764909204479607752e+00
1.394614751117301843e+01 -1.027421257545463007e+01 -1.547195918332616138e+01 7.655719967159311246e+00 1.706620637400122291e+02 6.337920753005775509e+00
9.909561329490063031e+01 1.794725519825940552e+01 6.222205497631126292e+00 6.070990420541034105e+00 1.603134741685801146e+02 5.975994789254983175e+00
1.312655065388985633e+02 2.525361916670966167e+01 1.819567011877947849e+01 5.683415227093891353e+00 1.571394285340251429e+02 5.939368085122822549e+00
-7.621385172731634405e+00 -2.267639189681732947e+00 -1.832177791595414718e+01 7.293747857217032227e+00 1.514357537043349566e+02 6.212596721466880467e+00
1.649323913661001484e+01 2.355159470596568827e+00 -1.423108865630032582e+00 6.969796860407021732e+00 1.649831809609694631e+02 5.995188192941952821e+00
-1.724540888326129506e+00 2.162999058068145519e+00 -2.641795441077573514e+01 7.085639313014261198e+00 1.532838543356735954e+02 6.018503964598025391e+00
1.312655065388985633e+02 2.525361916670965812e+01 1.819567011877947849e+01 5.683415227093891353e+00 1.571394285340251429e+02 5.939368085122808338e+00
6.257259976681385893e+01 1.876611513945764287e+01 -1.821867449568672370e+01 6.804818325094529108e+00 1.606892964699267168e+02 6.141083969834454592e+00
9.950826746715826232e+01 2.264620941818655098e+01 1.322206179046570007e+01 6.101182606608073655e+00 1.558245808593753168e+02 5.875279501657175274e+00
1.312655065388985633e+02 2.525361916670966167e+01 1.819567011877947493e+01 5.683415227093891353e+00 1.571394285340251429e+02 5.939368085122808338e+00
-1.724540888326129506e+00 2.162999058068145519e+00 -2.641795441077573514e+01 7.085639313014261198e+00 1.532838543356735954e+02 6.018503964598025391e+00
2.100220759002647242e+01 5.529232894827602607e+00 1.118738973427264405e+01 7.126104288239976547e+00 1.714458806737566476e+02 6.232266149758416418e+00
1.312655065388985633e+02 2.525361916670965812e+01 1.819567011877947849e+01 5.683415227093891353e+00 1.571394285340251429e+02 5.939368085122808338e+00
1.312655065388985633e+02 2.525361916670965101e+01 1.819567011877947849e+01 5.683415227093891353e+00 1.571394285340251429e+02 5.939368085122808338e+00
-1.724540888326129506e+00 2.162999058068145519e+00 -2.641795441077573869e+01 7.085639313014261198e+00 1.532838543356735954e+02 6.018503964598025391e+00
6.003090164799689887e+01 2.101394155316672396e+01 -1.171157467947356245e+01 6.842773384947133053e+00 1.727745641001591252e+02 6.169808440060620569e+00
-4.999528943112675705e+00 -1.870750770734308688e+01 -4.466976531143253659e+00 7.433376245805667359e+00 1.411202589991954426e+02 6.098953458653213033e+00
-5.867797613317205396e+00 -1.838545369085243308e+01 -1.593253103295410433e+01 7.472478639648082677e+00 1.569029636431383778e+02 6.139209155629956172e+00
6.114610547104815197e+01 1.001543761415522837e+01 -1.999759216597091216e+00 6.284585362852882717e+00 1.516266714664672577e+02 5.920726168766577757e+00
