8.088013159593580781e+01 6.476497350439677803e+01 -8.278777863239897172e+00 3.251452044391630380e+00 1.082395953429243036e+02 4.627670359083644769e+00
-5.167655962996217767e+01 -3.522360186261749249e+01 1.360651954759373794e+01 2.595565668696440564e+00 7.070026520459452968e+01 3.417597212588724176e+00
-8.018158595020348400e+01 -3.026618127646658607e+01 3.218280865284088321e+01 2.090304923333140330e+00 7.340912749787999303e+01 2.886873140872431520e+00
1.175503663059052251e+01 7.555791120291607399e+01 1.827104035198982146e+01 3.338950493468739733e+00 1.070749737333612330e+02 4.999525996976849740e+00
-8.018158595020346979e+01 -3.026618127646657896e+01 3.218280865284088321e+01 2.090304923333140330e+00 7.340912749787999303e+01 2.886873140872431520e+00
3.327247978273518214e+01 -6.329477409615900285e+01 4.421746690947553304e+01 3.429723942431551098e+00 1.102326063376893899e+02 5.581364619959188644e+00
-1.436320241535974063e+01 -5.524734152874780335e+01 2.402912794014914510e+01 2.735888799095130608e+00 6.451348696202988720e+01 4.087401508240205317e+00
-8.531478636913608682e+01 -4.035582190677746439e+01 3.439184793886673219e+01 2.307214687554906885e+00 7.314060089991058078e+01 3.276554821195027500e+00
4.315893772756850666e+01 1.255556506049203449e+02 1.845456879041026710e+01 3.939337541463670878e+00 1.034842379302278061e+02 5.654941064124528793e+00
-1.018156061134145887e+02 -1.633889178414000583e+02 1.360450228798593919e+01 3.090861881359306729e+00 6.202215330025232021e+01 4.703232457009033141e+00
4.729006398512479592e+01 2.531952850755003510e+02 -3.609463650834878745e+00 4.485852878924858622e+00 9.191978840271553963e+01 6.261862519380763104e+00
-1.291390832326804912e+02 -6.717920348825460053e+01 4.119649364543084857e+01 2.889635318803145836e+00 7.745635868022715442e+01 3.804007001526557019e+00
1.076664463952269131e+02 5.656611171155412165e+01 -1.236235845967173752e+01 2.840538683627975569e+00 8.508423767067553456e+01 4.257587360321196002e+00
5.871668082026782542e+01 1.738277008316212289e+02 -1.164521201052767196e+01 4.254987277917823718e+00 1.026323048557324285e+02 5.672750000589097397e+00
1.379604878055885138e+02 2.037648834653006986e+02 -3.151049814745213951e+01 4.377684101761219360e+00 8.281968365068777871e+01 5.190178292677522620e+00
1.538698686615194902e+02 1.813663369510286429e+02 -3.146870494889016001e+01 4.328011162023460479e+00 8.426185376550887440e+01 5.296880097961000899e+00
1.528775961382146704e+02 1.464647201713616766e+02 -3.802614757562174930e+00 4.664618934489798363e+00 8.265341795715407613e+01 5.502395219560249018e+00
-1.477499954521131542e+02 -4.833763576957508690e+01 5.227473340957094194e+01 3.241787022939706109e+00 8.384525925775409405e+01 4.392756583482231747e+00
1.377310974819998250e+02 1.904533846837192925e+02 -1.846521441057141288e+01 4.414376422492789942e+00 9.144036307889420812e+01 5.411382831301423835e+00
-1.281469839818888943e+02 -3.624947107934423229e+01 3.506064117377489708e+01 2.869926548249233100e+00 7.299333873717517918e+01 3.848675778033722850e+00
5.685668237339172748e+01 1.167793860171903759e+02 1.320320034660131903e+01 3.907558546625841789e+00 1.004636252581002651e+02 5.367709626091595965e+00
-6.855980277381057419e+01 -1.441162933017010594e+01 2.892737610188748576e+01 2.320532932654875147e+00 7.489332413506561181e+01 3.346290755228139346e+00
5.067008832312799171e+01 -5.465423114665713911e+01 3.398395820635461462e+01 3.313244173417801530e+00 1.140505480039442858e+02 5.728231876185780891e+00
5.615228826347097169e+01 -5.594962947669184672e+01 3.654938008276873518e+01 3.308350082545111537e+00 1.174088902085357375e+02 5.781769507849041645e+00
4.024672646538208198e+01 -6.761100430419207896e+01 4.494720382976030493e+01 3.741799578677299731e+00 1.144388482989932925e+02 5.897704072563648481e+00
1.745781180172773261e+01 -6.582046541681221186e+01 4.794150420460523776e+01 3.285804122166752883e+00 1.050794342390555443e+02 5.632285381675501412e+00
7.286670444312200345e+01 -2.570886685466580346e+01 2.203129497891290356e+01 2.561623944532495756e+00 1.223974162308992533e+02 5.208539230002052989e+00
8.560708367879811931e+00 7.247813920981963065e+01 3.848121952657486577e+00 3.395996987624129826e+00 1.139082525544132807e+02 4.636310277505323540e+00
-2.780366790931387833e+00 9.249003339067030538e+01 -2.763984811097232708e+00 3.018387249005055839e+00 1.051536375975648383e+02 4.684528329974519067e+00
-9.616467479887013781e+01 1.896288443149412331e+02 -2.311228653106681818e+01 4.557768294351308036e+00 8.904991577761317956e+01 6.651672520004026978e+00
-4.098981662829844907e+01 2.845870218140443626e+02 -3.045610490237297086e+01 5.466905315202516213e+00 1.000680268617304165e+02 6.566886517810523571e+00
-1.838792520214568782e+01 1.340101054953786672e+02 -4.439833739631917631e+00 4.390138202777425391e+00 1.001762946010681645e+02 6.046267277334280266e+00
-1.078803223288351774e+02 1.727439275386488191e+02 -2.315340590475655702e+01 4.695340364112510656e+00 8.947752511105791484e+01 6.730742979302050344e+00
8.540299227350446643e+01 -2.922787419134624898e+01 3.971577077324483440e+01 2.804742216250646791e+00 9.344436847665032531e+01 4.792977364837838650e+00
-4.313658177402108862e+01 2.443767185983251125e+02 -1.451425265095297057e+01 4.408798359687706281e+00 9.219374978814995814e+01 6.235542162659555743e+00
-8.882503433741617016e+01 9.175858452464166248e+01 1.113327426037229628e+01 4.184085030878701872e+00 1.040415662127401788e+02 6.270961592171914845e+00
5.911326158734841840e+01 -6.810550018498720704e+01 3.498710365490021701e+01 3.308350082545111981e+00 1.175682355060243225e+02 5.793722873630038350e+00
3.064966068063900195e+01 -8.369410244996346648e+01 3.312902036156373242e+01 3.168054998686597568e+00 9.569503644390339048e+01 5.118390625154852103e+00
-7.807449071108268868e+01 2.358359814927005971e+02 -2.556464591097669370e+01 4.794500713878369069e+00 9.224937669166116905e+01 6.409937140604540673e+00
-9.142631358187345825e+01 4.698054408813297300e+01 2.820984810830013600e+01 3.099317762398984932e+00 9.917887879987351596e+01 5.028346164840584720e+00
-9.658164671003593327e+00 9.997142959079165792e+01 4.965768263842708308e+00 3.305967560615717282e+00 1.071383568102479273e+02 5.011449792258829916e+00
1.263407658684183410e+01 1.418197090924090276e+02 2.892282550186846990e+01 4.517060053052569302e+00 1.099492610252565612e+02 6.259469464426992147e+00
-3.745027922842474055e+01 1.108011116196796024e+02 -2.224676895300978785e+01 4.590712019476546502e+00 9.775244242472921030e+01 6.394815506698300567e+00
-6.272406320582285133e+01 -8.755341756534491537e+00 3.481893015648302736e+01 2.256532987950677249e+00 7.495790485332418029e+01 3.312621458148974796e+00
9.972178904633889829e+01 4.318161234365101819e+01 -2.682414113483881835e+01 3.183961273413957294e+00 1.000605316795788440e+02 4.143361277102059148e+00
1.034378539277660281e+02 4.502692167511595756e+01 -2.981706473184793182e+01 3.183961273413957294e+00 9.521554494934112256e+01 4.081799732884036302e+00
8.472466361749506802e+01 1.377943630170981493e+01 1.124516919210774013e+01 3.126475391450929564e+00 1.248835857909276967e+02 5.188655129076110484e+00
-4.518546846623487312e+01 -4.036264672189248159e+01 -2.368145120460611430e+00 2.770870064483897277e+00 6.089768057980534621e+01 3.855824115976592026e+00
5.579984869915933388e+01 4.314078973846400800e+01 2.497164895559178532e-01 2.619827248326836333e+00 1.314313033489358702e+02 4.876747881008284935e+00
-9.300558325483351041e+01 -3.890221251099023902e+01 3.246469946395031059e+01 2.313890532552321133e+00 7.494082665676967281e+01 3.256144345938679407e+00
-7.407398533630122017e+01 -4.232378605221941115e+01 3.193045904072296892e+01 2.180690103828304860e+00 6.937310357768348013e+01 3.104187817575066788e+00
-1.355349934095311539e+02 -4.810350890436103555e+01 4.185203498884617801e+01 2.928022817810716383e+00 8.161573071412152558e+01 4.234746412240532720e+00
1.332295358730495991e+02 6.239713751255018082e+01 -1.330746978378225442e+01 3.135556100621666342e+00 8.737532546434376002e+01 4.489425961521511965e+00
-7.851156228913191626e+01 -1.814502825109206441e+01 2.472470592371701059e+01 2.256532987950677693e+00 7.473304155458949083e+01 3.339928343207034800e+00
-5.507372483421450937e+01 8.924406083546744028e+00 3.437732530459391000e+01 1.957015904578111476e+00 1.121202367996072411e+02 2.991257536748442192e+00
-8.708447410337389272e+01 -2.575871497054901482e+01 3.871521044901120234e+01 2.256532987950677249e+00 7.100802771518161194e+01 3.368622726515503985e+00
-1.540892890330399041e+02 8.060958097151910806e+01 -2.527268642951107314e+00 4.470058793340073500e+00 9.369571761825618239e+01 6.379953469792404519e+00
1.159541504493533068e+02 5.315842210320658268e+01 -3.004499103186318010e+01 3.134891116629040297e+00 9.380906139600800486e+01 4.171246339648590151e+00
-8.708447410337389272e+01 -2.575871497054901127e+01 3.871521044901121655e+01 2.256532987950677249e+00 7.100802771518161194e+01 3.368622726515503985e+00
9.614473454493922588e+01 6.293040239941780101e+01 -2.913219573317451072e+00 2.840538683627976013e+00 8.927015178658541572e+01 4.317011651570993536e+00
1.044303510593623088e+02 2.965629564947381525e+01 -3.656799339143001148e+00 2.928168913735229584e+00 1.041049830699760577e+02 4.388539639149819038e+00
1.578758299546408068e+02 7.521183341600261940e+01 4.287885869959697338e+00 3.370128791179684669e+00 7.819774613120252127e+01 4.754405033076835707e+00
1.177615763086912750e+02 4.477607108316514939e+01 -2.396977445774400195e+01 3.073114747260082602e+00 9.630985152101523283e+01 4.214166985118595221e+00
-8.101770791953478579e+01 -2.817002349934807626e+01 3.044088788339660212e+01 2.090304923333140330e+00 7.314813736521251997e+01 2.848600874388480975e+00
-1.416812221389060085e+02 9.177423073011962629e+01 -8.043101847243065095e+00 4.735473516967529939e+00 9.531394179237368292e+01 6.598328384159955817e+00
1.519908291111135270e+02 1.551576742396639190e+02 -1.049593658569255261e+01 4.554608747190751927e+00 8.460059101448405272e+01 5.255618951424409602e+00
-4.092617333780614075e+01 2.871887076502448366e+01 2.433823316685610649e+01 1.850451670375083069e+00 1.198192805853882561e+02 3.264815581496037566e+00
-1.315527601571567473e+01 -4.453540631987493725e+01 2.439113071219935946e+01 2.848455172211711073e+00 9.591225156360370363e+01 5.166162384277740216e+00
1.286479896154039082e+01 7.242693915399154037e+01 1.094447754576289711e+01 3.257298042391841619e+00 1.169740996973261531e+02 4.555252417355092120e+00
4.024672646538208198e+01 -6.761100430419207896e+01 4.494720382976031203e+01 3.741799578677299731e+00 1.144388482989932925e+02 5.897704072563648481e+00
3.210142801629329057e+01 -8.186790870396647790e+01 3.236356803507503344e+01 3.124067366523274103e+00 8.921580577453751459e+01 4.704646225507801205e+00
-3.175116260169374982e+01 -1.824381069234533186e+02 1.961585626695822171e+01 2.894083778011135255e+00 7.832949635992817150e+01 4.587244631792501082e+00
-4.176016074280713752e+01 -1.856770152154241771e+02 1.727314914102961296e+01 2.940041403730677239e+00 7.659445149617562265e+01 4.541833531966418036e+00
1.865854398948042814e+01 2.482524537727663301e+02 1.831676670608046509e+00 4.738391849071058815e+00 9.765008960569366536e+01 6.457157351191852968e+00
-1.104842496827254195e+01 8.444755219546919989e+01 -1.222666734637874519e+01 3.062603398786578612e+00 1.014047705978372704e+02 4.646937190159761144e+00
-3.458773841672934424e+01 -6.339110269362037542e+01 2.656435264603158686e+01 3.070529901601553480e+00 5.700254380288654943e+01 4.761122405040431715e+00
2.274761879957079813e+01 -9.640429465309416912e+01 2.423665141438419113e+01 3.111658452591864688e+00 8.954445823165160334e+01 4.800419592912760436e+00
7.291296927248129833e+00 -1.368323493288736472e+02 1.117215292176075536e+01 3.103786097181980619e+00 8.577610389846347516e+01 4.961314556501648099e+00
7.419933499069409777e+01 2.731734740861566593e+02 -1.034900895391492526e+01 5.108457958076571437e+00 8.791841388469198648e+01 5.986482311082077956e+00
-5.060303265653465843e+01 -1.369976783341997191e+02 1.939944427587129638e+01 2.667154333043519898e+00 7.307973385282680567e+01 4.549753113202442023e+00
1.181410226535508912e+02 2.132287490984283522e+02 -1.767659271615245586e+01 4.549008928095604531e+00 8.795764605763389454e+01 5.242939180596074777e+00
-3.175116260169374982e+01 -1.824381069234533186e+02 1.961585626695822171e+01 2.894083778011135255e+00 7.832949635992817150e+01 4.587244631792508187e+00
4.248326989281101618e+01 1.176936345936655215e+02 1.877776968713816430e+01 3.803878412735282932e+00 1.024362606697452662e+02 5.378004692176702406e+00
-9.039022473216697051e+00 -3.323645729271130023e+01 3.364193488563363843e+01 2.790242797303570388e+00 9.597566097714566524e+01 5.223446511702213968e+00
9.281189199870738094e+01 6.301559348768478941e+01 -9.664118350940247737e+00 3.169298870273761004e+00 9.079475480444891389e+01 4.393805301141810560e+00
3.840887528838185716e+01 1.778985119350345769e+02 -1.026013260857174370e+00 4.283567257766850211e+00 1.149818572645267380e+02 5.799354982206246234e+00
2.056379044640776588e+00 -2.075455895618498516e+02 5.554051230199130273e+00 3.515400640476125105e+00 9.570088818814588194e+01 5.331854417743940644e+00
1.624902353529443033e+01 -1.301122589719643940e+02 2.528134340846236938e+01 2.858437549686988710e+00 8.989453542902370486e+01 4.862269524856273506e+00
-4.313658177402108862e+01 2.443767185983250556e+02 -1.451425265095296879e+01 4.408798359687706281e+00 9.219374978814995814e+01 6.235542162659555743e+00
7.723627639683860480e+01 6.456782100529940749e+01 -3.055785941435837927e+00 3.311265494172466628e+00 1.068355160983462468e+02 4.735702724885712200e+00
-4.005262462093371312e+01 -1.690483324360080530e+01 3.598206217843731736e+01 2.277797740186956688e+00 6.034981358711888788e+01 3.813501156799155467e+00
2.203088726521100327e+01 3.427802190018378781e+01 3.070069245501553024e+00 2.460654653048360174e+00 1.461086838623906203e+02 4.262291951818497182e+00
-3.447298915070901160e+01 -1.630179580136993067e+01 3.149530068862883780e+01 2.423242379824245951e+00 1.099561162464371478e+02 4.391225812163362718e+00
2.249497790742400483e+01 3.342789223745518257e+01 7.254110101327609250e+00 2.492411403239371825e+00 1.461226454044683578e+02 4.632129402817767527e+00
2.565133666784570465e+01 1.039125478962569105e+01 1.053707882533186790e+01 2.606208967882302385e+00 1.466417062093863990e+02 4.423805071930090094e+00
4.268593300958200132e+01 4.514421506775092041e+01 -1.322433055080556308e+01 2.682290699550081037e+00 1.125568634069020248e+02 4.103120736015135606e+00
-3.623135097395172721e+01 9.432447489253753758e+00 2.961149529797452828e+01 1.805130184999413245e+00 1.037988439241979250e+02 2.643284928923598898e+00
9.997164532810970172e+00 -3.364312581231808963e+01 5.190044438242536984e+01 2.666164712041306117e+00 1.237348374549383010e+02 4.914427608193058461e+00
-1.570276567211874585e+01 1.087089362511396651e+01 2.063887816184583812e+01 2.435925401998105588e+00 1.362037444419205485e+02 4.674497570339426034e+00
-1.610206237283378883e+01 -2.456201097103930664e+01 4.903733832354291877e+01 2.498060711065394290e+00 1.151336071701047672e+02 4.547300087141103120e+00
5.145360434112848935e-01 -1.023145148546253758e+01 3.217188508605327257e+01 2.710283399282908068e+00 1.391173156008985075e+02 4.761780169196754287e+00
-3.192538593693488380e+01 3.281362732774228075e+00 4.061622291607138635e+01 1.995757911841943733e+00 1.264889323221601103e+02 4.360429186816162428e+00
2.122875072323513379e+01 6.250906837114915504e+01 -1.210407028259236739e+01 2.973748851250854308e+00 1.223299227499143171e+02 4.423242594964136742e+00
1.707054878327694780e+01 4.448045129679331922e+01 -4.172372971765072602e-01 2.973748851250853864e+00 1.423785359525795968e+02 4.220027704017411452e+00
4.087157474880489616e+01 -4.829823950756290429e+01 3.798076036528930643e+01 2.883521240507555206e+00 1.081796075977353411e+02 5.219949825641677421e+00
-4.965788688858881272e+01 -1.085481963252226478e+01 4.938415871377262079e+01 2.170242174333053331e+00 9.648050321178885724e+01 3.188406504151572562e+00
-8.027001268323237682e+00 1.740478475375608269e+01 2.191448408837586115e+01 2.581911140905087887e+00 1.367724021869909166e+02 4.796699060843877760e+00
-3.688570539252531688e+01 -1.033780557837568637e+01 5.655459170402039604e+01 2.182918375228372732e+00 1.219428042157469889e+02 4.372854525743512966e+00
-1.315527601571567295e+01 -4.453540631987493015e+01 2.439113071219935591e+01 2.848455172211710629e+00 9.591225156360370363e+01 5.166162384277740216e+00
2.365691286300846485e+01 -5.114821616778351654e+01 5.918814108760218318e+01 3.152046105665638365e+00 1.036113410780885573e+02 5.592042830043872925e+00
-4.390955819882714195e+01 -1.559404618889594474e+01 3.269878228855504432e+01 2.278693268202267141e+00 6.989082557818301211e+01 3.525769607606413558e+00
2.668759030054606640e+01 5.480040143971850597e+01 -2.028811047130970380e+01 3.318093145368047114e+00 1.210774132528441385e+02 4.373132624981053596e+00
4.087157474880489616e+01 -4.829823950756290429e+01 3.798076036528930643e+01 2.883521240507555206e+00 1.081796075977353411e+02 5.219949825641677421e+00
2.446909695355434877e+01 5.126134039652239238e+01 -2.517809015638993397e+00 3.206146814269035694e+00 1.445463939363414170e+02 4.305108543246817021e+00
2.122875072323513024e+01 6.250906837114914083e+01 -1.210407028259236206e+01 2.973748851250853864e+00 1.223299227499143171e+02 4.423242594964136742e+00
9.825827824223930307e+00 3.376065769219175650e+01 1.171015900743128668e+01 2.581387800088293272e+00 1.446191550244987525e+02 4.715840370421005900e+00
-1.973240605610396514e+01 -6.181835796644058689e+00 4.073463443491561264e+01 2.292711289188845036e+00 1.220992526594655345e+02 4.491849088509077603e+00
-2.067184231730096400e+01 5.547240213313450852e+00 2.836069014042823966e+01 2.288434588457676000e+00 1.248832554828708794e+02 4.595726584343253762e+00
-6.936706132430985328e+00 3.779067415853875644e+01 2.319298884363592350e+01 2.453034396490892277e+00 1.274911271422446788e+02 3.798514629708854784e+00
-4.492172790671745730e+01 -3.594040502826300720e+00 5.329325218649188400e+01 2.001827661214548026e+00 1.040759818594088415e+02 3.089724422920163249e+00
3.642443499876881763e+00 3.594956284996773377e+01 3.138187836806500641e+01 2.785621496997418234e+00 1.263373559166092406e+02 4.080206790812219708e+00
-3.908665786991399216e+01 -1.537058649211798667e+01 4.683146022891670412e+01 2.214549433815052204e+00 8.502968599259907023e+01 3.024837503238451575e+00
-1.427178505010763843e+02 -3.247915809322500280e+01 4.325851325201988828e+01 3.241787022939706997e+00 8.122491920586932679e+01 4.426107203747804419e+00
-1.309898967900112439e+02 -3.377993238205517912e+01 3.370847152681012204e+01 2.928022817810716383e+00 7.812801994163169184e+01 4.281945722881808081e+00
7.866304865961708970e+01 -1.160413755628085397e+02 9.636459621568691958e+00 4.168347850544185995e+00 1.010031682671390172e+02 5.618482464751629379e+00
1.177615763086912750e+02 4.477607108316514939e+01 -2.396977445774400195e+01 3.073114747260082602e+00 9.630985152101523283e+01 4.214166985118595221e+00
