# Matched by Sabine Bellstedt: sabine.bellstedt@gmail.com, via to file GC_Catalogue_Matcher.py
#  	Matched catalogues from files:
# 	/Users/sbellstedt/Dropbox/PhD_Analysis/Data/SLUGGS_GC_RVs/NGC3115_GC.cat
# 	/Users/sbellstedt/Dropbox/PhD_Analysis/Data/SLUGGS_GC_RVs/NGC3115_GC_phot.cat
# 	ID_RV, ID_phot, RA, Dec, Vel, VelErr, g, gErr, r, rErr, i, iErr, MatchFlag
  NGC3115_S1    A80  151.299530  -7.708301   689   7     22.167      0.012    21.342      0.013     20.997      0.012   1
  NGC3115_S2   S361  151.289159  -7.618746   798  11     22.413      0.011    21.869      0.014     21.700      0.014   1
  NGC3115_S3   S436  151.275474  -7.689257   665   7     23.571      0.023    22.977      0.031     22.839      0.031   0
  NGC3115_S4   S363  151.217659  -7.736487   709   6     22.982      0.016    22.241      0.018     21.934      0.016   1
  NGC3115_S5   S364  151.358511  -7.645020   782   5     22.867      0.015    22.105      0.016     21.814      0.015   1
  NGC3115_S6   A167  151.273497  -7.717291   750  10     22.969      0.016    22.178      0.018     21.843      0.017   1
  NGC3115_S7   A158  151.322774  -7.694805   997   7     22.857      0.021    22.094      0.022     21.746      0.020   1
  NGC3115_S8    A42  151.305240  -7.734598   531   6     21.547      0.009    20.830      0.009     20.502      0.010   1
  NGC3115_S9   A359  151.364593  -7.693063   661   6    -99.990    -99.990   -99.990    -99.990    -99.990    -99.990   0
 NGC3115_S10    A40  151.291367  -7.724440   480   8     21.207      0.007    20.601      0.008     20.388      0.009   1
 NGC3115_S11   A175  151.247232  -7.726436   678   5     22.575      0.012    21.954      0.015     21.706      0.014   1
 NGC3115_S12   S436  151.273746  -7.694876   850   5     23.571      0.023    22.977      0.031     22.839      0.031   0
 NGC3115_S13    A18  151.312464  -7.648258   583   9     20.877      0.005    20.109      0.005     19.805      0.005   0
 NGC3115_S14    A23  151.252107  -7.713421   499   5     20.780      0.005    20.174      0.006     19.965      0.005   1
 NGC3115_S15   S366  151.436694  -7.702196   963  18     21.658      0.008    21.098      0.009     20.963      0.009   1
 NGC3115_S16   A159  151.306838  -7.758759   510   8     22.376      0.012    21.783      0.014     21.570      0.014   1
 NGC3115_S17   A101  151.302756  -7.674310   859   7     22.036      0.009    21.369      0.011     21.178      0.010   1
 NGC3115_S18   A357  151.367658  -7.682886   652   6    -99.990    -99.990   -99.990    -99.990    -99.990    -99.990   0
 NGC3115_S19   S578  151.231802  -7.763917   625   5     22.729      0.014    21.953      0.015     21.597      0.013   0
 NGC3115_S20   A221  151.262489  -7.732154   904   8     22.593      0.013    22.071      0.017     21.869      0.017   1
 NGC3115_S21   S367  151.262133  -7.674147   424   6     22.746      0.014    22.041      0.016     21.823      0.016   1
 NGC3115_S22    A61  151.242490  -7.758109   711   5     21.883      0.010    21.142      0.011     20.826      0.010   1
 NGC3115_S23   A193  151.313856  -7.726056   649  11     22.883      0.024    22.156      0.026     21.878      0.029   1
 NGC3115_S24    A70  151.298470  -7.731563   510   5     21.938      0.087    21.187      0.094     20.917      0.078   1
 NGC3115_S25   S369  151.276213  -7.671011   742   7     21.792      0.008    21.235      0.010     21.054      0.010   1
 NGC3115_S26   A146  151.335937  -7.710894   810   5     22.753      0.016    21.958      0.018     21.659      0.017   1
 NGC3115_S27    A96  151.328249  -7.704507   924   5     21.846      0.014    21.274      0.013     21.077      0.014   1
 NGC3115_S28    A18  151.311439  -7.649388   881   5     20.877      0.005    20.109      0.005     19.805      0.005   1
 NGC3115_S29   A121  151.290010  -7.708754   437   5     22.528      0.014    21.782      0.016     21.449      0.015   1
 NGC3115_S30   A160  151.313127  -7.735679   525   6     22.661      0.016    21.961      0.019     21.648      0.020   1
 NGC3115_S31   S370  151.386503  -7.661079   826   7     22.941      0.016    22.198      0.018     21.959      0.018   1
 NGC3115_S32   S371  151.256576  -7.646569   611   8     21.946      0.009    21.346      0.010     21.131      0.010   1
 NGC3115_S33   A213  151.272939  -7.744195   539   7     22.591      0.014    22.035      0.017     21.864      0.018   1
 NGC3115_S34    A85  151.332793  -7.705964   879   7     22.316      0.013    21.462      0.013     21.099      0.012   1
 NGC3115_S35     A6  151.338252  -7.693622  1028   5     19.858      0.003    19.221      0.004     19.012      0.003   1
 NGC3115_S36    A88  151.293028  -7.721406   525   6     22.349      0.017    21.570      0.017     21.183      0.017   1
 NGC3115_S37   S682  151.289525  -7.663932   878   7     20.401      0.004    19.607      0.004     19.289      0.004   0
 NGC3115_S38    A67  151.305009  -7.697021   895   5     21.860      0.009    21.131      0.011     20.866      0.010   1
 NGC3115_S39   A127  151.315776  -7.732765   862   6     22.449      0.014    21.731      0.016     21.459      0.017   0
 NGC3115_S40   A125  151.242728  -7.725242   665   5     22.133      0.010    21.528      0.012     21.315      0.011   0
 NGC3115_S41    A86  151.306511  -7.736340   596   6     21.875      0.011    21.267      0.013     21.023      0.013   1
 NGC3115_S42    A68  151.326706  -7.736413   702   8     21.676      0.008    21.077      0.010     20.865      0.010   1
 NGC3115_S43    A98  151.329273  -7.695902   660   9     21.913      0.012    21.315      0.014     21.090      0.014   1
 NGC3115_S44    A81  151.300641  -7.758852   770   5     22.166      0.011    21.402      0.012     21.049      0.011   1
 NGC3115_S45   A108  151.302910  -7.729558   649  12     67.231      0.485   -99.990      1.460      2.667      0.406   1
 NGC3115_S46   A312  151.329511  -7.641075   512   5     23.453      0.023    22.868      0.028     22.568      0.026   0
 NGC3115_S47   S373  151.284635  -7.815101   486   7     22.450      0.011    21.718      0.013     21.468      0.012   1
 NGC3115_S48   A113  151.293860  -7.680923   463   7     22.361      0.011    21.650      0.013     21.321      0.011   1
 NGC3115_S49    A94  151.320219  -7.686945   805   5     22.358      0.012    21.569      0.013     21.215      0.012   1
 NGC3115_S50   A119  151.322637  -7.686235   809   5     22.202      0.011    21.617      0.013     21.364      0.013   1
 NGC3115_S51    A39  151.296566  -7.660322   547   6     21.551      0.007    20.788      0.008     20.459      0.007   1
 NGC3115_S52    A35  151.316019  -7.703975   821   8     21.546      0.012    20.699      0.010     20.336      0.011   1
 NGC3115_S53   A148  151.334687  -7.678280   879   5     22.365      0.012    21.745      0.014     21.495      0.013   1
 NGC3115_S54   S375  151.304355  -7.806150   696   6     22.159      0.010    21.406      0.011     21.079      0.009   1
 NGC3115_S55   S376  151.270596  -7.685785   795   7     22.317      0.011    21.730      0.013     21.584      0.013   1
 NGC3115_S56   S377  151.246506  -7.791864   651   5     21.014      0.005    20.256      0.006     19.937      0.005   1
 NGC3115_S57   S378  151.381252  -7.750796   642   7     22.116      0.010    21.369      0.011     21.062      0.010   1
 NGC3115_S58   S379  151.222397  -7.772308   684   5     22.060      0.009    21.329      0.010     21.001      0.009   1
 NGC3115_S59   A210  151.274429  -7.731100   893   7     23.067      0.020    22.338      0.023     22.043      0.024   1
 NGC3115_S60    A19  151.297094  -7.705900   740   5     20.675      0.005    20.062      0.006     19.875      0.005   1
 NGC3115_S61   A117  151.256212  -7.742261   711   5     21.980      0.010    21.450      0.012     21.241      0.012   1
 NGC3115_S62    A37  151.276743  -7.722720   480   5     21.626      0.008    20.863      0.008     20.498      0.007   1
 NGC3115_S63   A212  151.319170  -7.688236   771   7     22.659      0.015    22.106      0.020     21.925      0.020   1
 NGC3115_S64   A103  151.354557  -7.715708  1056   5     21.844      0.009    21.304      0.011     21.159      0.011   1
 NGC3115_S65   A131  151.339893  -7.677216   887   7     22.863      0.017    21.963      0.017     21.549      0.014   1
 NGC3115_S66    A53  151.359512  -7.731451   592   6     21.301      0.006    20.723      0.007     20.525      0.007   1
 NGC3115_S67    A66  151.323095  -7.731152   782   5     21.640      0.008    21.016      0.009     20.771      0.010   1
 NGC3115_S68   A237  151.340570  -7.658001   773   8     23.000      0.017    22.422      0.021     22.155      0.019   0
 NGC3115_S69   A209  151.238711  -7.748375   601   7     22.765      0.014    22.180      0.017     21.935      0.016   1
 NGC3115_S70   A157  151.289666  -7.812870   658  10     22.316      0.010    21.736      0.013     21.566      0.013   1
 NGC3115_S71   A138  151.267896  -7.762677   471   5     22.735      0.015    21.917      0.016     21.547      0.014   1
 NGC3115_S72   A156  151.289548  -7.746073   471   5     22.359      0.013    21.797      0.018     21.587      0.020   1
 NGC3115_S73    A95  151.264034  -7.775244   396   5     21.873      0.008    21.205      0.010     21.041      0.010   1
 NGC3115_S74    A55  151.280808  -7.728090   597   5     21.743      0.009    20.945      0.009     20.601      0.008   1
 NGC3115_S75   A198  151.323373  -7.686665   856   6     22.836      0.017    22.096      0.019     21.858      0.019   1
 NGC3115_S76   A214  151.345741  -7.667215   869   6     22.672      0.014    22.079      0.018     21.930      0.018   1
 NGC3115_S77   A166  151.369107  -7.715737   636   7     22.858      0.016    22.111      0.017     21.772      0.015   0
 NGC3115_S78    A89  151.344057  -7.709771  1192   7     21.979      0.009    21.261      0.010     21.005      0.010   1
 NGC3115_S79    A32  151.339695  -7.694410   706   8     21.235      0.006    20.548      0.007     20.297      0.007   1
 NGC3115_S80    A32  151.340423  -7.692583   579   8     21.235      0.006    20.548      0.007     20.297      0.007   0
 NGC3115_S81   A229  151.282757  -7.731523   803   7     22.875      0.019    22.252      0.024     22.078      0.029   1
 NGC3115_S82   S383  151.336142  -7.624190   983   8     22.336      0.011    21.783      0.013     21.590      0.013   1
 NGC3115_S83   A128  151.308464  -7.738934   601   5     22.505      0.015    21.751      0.017     21.450      0.017   1
 NGC3115_S84    A31  151.310605  -7.704722   586   5     21.484      0.009    20.706      0.009     20.352      0.008   1
 NGC3115_S85   A181  151.297559  -7.733508   628   8     22.598      0.072    21.900      0.075     21.622      0.063   1
 NGC3115_S86   S567  151.367018  -7.790661   593   9     23.207      0.017    22.542      0.020     22.381      0.020   0
 NGC3115_S87   A222  151.362808  -7.674682   899   7     22.939      0.017    22.216      0.020     21.954      0.018   1
 NGC3115_S88   A134  151.322545  -7.625632   773   7     22.581      0.013    21.815      0.013     21.474      0.012   1
 NGC3115_S89    A36  151.330458  -7.738787   580   5     21.057      0.006    20.474      0.007     20.263      0.007   1
 NGC3115_S90   A165  151.332995  -7.683229   603   6     22.804      0.016    22.080      0.019     21.761      0.017   1
 NGC3115_S91   A161  151.323239  -7.690867   539   6     22.345      0.013    21.811      0.017     21.583      0.017   1
 NGC3115_S92   A147  151.261220  -7.781116   637   6     22.242      0.010    21.699      0.013     21.490      0.012   1
 NGC3115_S93    A49  151.318336  -7.705782   959   5     21.437      0.111    20.551      0.091     20.336      0.072   1
 NGC3115_S94   A203  151.286937  -7.680215   825   9     23.203      0.019    22.412      0.020     22.059      0.018   1
 NGC3115_S95   S385  151.373218  -7.668995   703   7     22.819      0.015    22.131      0.017     21.840      0.016   1
 NGC3115_S96   S588  151.337577  -7.811136   482   9     23.625      0.023    23.053      0.032     22.888      0.031   0
 NGC3115_S97   A232  151.279772  -7.719272   885   6     22.913      0.018    22.303      0.022     22.103      0.023   1
 NGC3115_S98    A54  151.326184  -7.716174   407   5     21.406      0.008    20.839      0.009     20.633      0.010   1
 NGC3115_S99   A310  151.286866  -7.760444   837   5     23.771      0.030    23.185      0.044     22.763      0.038   0
NGC3115_S100    A77  151.338123  -7.714700   980   5     21.645      0.008    21.049      0.009     20.846      0.009   1
NGC3115_S101   A220  151.271866  -7.724991   562   6     22.711      0.015    22.163      0.020     21.948      0.021   1
NGC3115_S102   A353  151.299377  -7.780190   467   6     24.321      0.040    24.013      0.066     23.619      0.059   0
NGC3115_S103    A33  151.330942  -7.698488   949   5     21.074      0.007    20.454      0.008     20.252      0.008   1
NGC3115_S104    A63  151.292946  -7.757453   441  10     21.584      0.008    20.958      0.009     20.745      0.009   1
NGC3115_S105   S386  151.280227  -7.678983   627   5     22.432      0.012    21.711      0.013     21.414      0.012   1
NGC3115_S106   A233  151.310694  -7.654078   614  12     23.218      0.018    22.519      0.021     22.216      0.019   1
NGC3115_S107    A13  151.297565  -7.749811   426   5     20.394      0.004    19.747      0.005     19.513      0.004   1
NGC3115_S108   A155  151.299555  -7.758767   582  10     22.774      0.015    21.964      0.017     21.620      0.016   1
NGC3115_S109     A7  151.289974  -7.700152   697   6     20.263      0.004    19.506      0.004     19.174      0.004   1
NGC3115_S110    A52  151.318398  -7.734052   844   5     21.420      0.007    20.811      0.008     20.561      0.008   0
NGC3115_S111   S387  151.180432  -7.712909   663   6     21.828      0.008    21.080      0.009     20.738      0.008   1
NGC3115_S112    A24  151.345318  -7.684971   809   5     20.913      0.005    20.307      0.006     20.113      0.006   1
NGC3115_S113    A57  151.283590  -7.704559   798   5     22.024      0.010    21.233      0.010     20.875      0.009   1
NGC3115_S114   A168  151.303853  -7.745751   428   8     22.909      0.018    22.166      0.020     21.754      0.018   1
NGC3115_S115   S388  151.406137  -7.664708   808   6     22.058      0.010    21.489      0.012     21.294      0.011   1
NGC3115_S116   A127  151.313435  -7.733457   841   6     22.449      0.014    21.731      0.016     21.459      0.017   1
NGC3115_S117    A74  151.327623  -7.674870   573   5     22.038      0.010    21.274      0.011     20.950      0.010   1
NGC3115_S118    A47  151.335988  -7.690753   910   5     21.676      0.009    20.925      0.009     20.588      0.008   1
NGC3115_S119   S389  151.220319  -7.743761   503   5     22.211      0.010    21.491      0.011     21.191      0.010   1
NGC3115_S120   A190  151.279329  -7.701391   662   7     23.092      0.018    22.282      0.020     21.937      0.017   1
NGC3115_S121   S390  151.312606  -7.808115   708   8     22.361      0.011    21.742      0.013     21.558      0.012   1
NGC3115_S122   A253  151.270589  -7.736211   519   7     23.441      0.025    22.713      0.030     22.400      0.030   1
NGC3115_S123   A223  151.347705  -7.680742   970   7     23.151      0.019    22.430      0.022     22.104      0.020   1
NGC3115_S124   A177  151.309051  -7.732858   729   5     22.550      0.017    21.973      0.020     21.676      0.021   1
NGC3115_S125   A141  151.310090  -7.667824   794   5     22.750      0.014    22.009      0.016     21.636      0.014   1
NGC3115_S126   A116  151.353724  -7.735060   650   6     22.608      0.013    21.779      0.015     21.389      0.012   1
NGC3115_S127   A133  151.290122  -7.729256   673   7     22.630      0.023    21.830      0.022     21.533      0.023   1
NGC3115_S128   S392  151.329609  -7.773203   762   5     21.300      0.006    20.663      0.007     20.455      0.007   1
NGC3115_S129   A192  151.324535  -7.626198   618   8     22.528      0.012    22.044      0.016     21.797      0.015   1
NGC3115_S130   S393  151.235926  -7.661403   641   6     21.837      0.009    21.095      0.009     20.817      0.008   1
NGC3115_S131    A99  151.299970  -7.752374   609   7     22.525      0.013    21.679      0.014     21.292      0.013   1
NGC3115_S132    A22  151.303547  -7.712862  1035   5     21.224      0.009    20.437      0.008     20.128      0.008   1
NGC3115_S133   S394  151.272990  -7.681364   689   7     22.394      0.011    21.640      0.012     21.337      0.011   1
NGC3115_S134   A173  151.348508  -7.682946   939  14     22.765      0.015    21.973      0.017     21.710      0.016   1
NGC3115_S135     A4  151.326000  -7.735496  1123   5     20.021      0.003    19.268      0.004     18.968      0.003   1
NGC3115_S136   A176  151.275679  -7.726128   575   8     22.920      0.017    22.106      0.019     21.770      0.017   1
NGC3115_S137   A124  151.325404  -7.666935  1033   6     21.986      0.009    21.488      0.011     21.324      0.011   1
NGC3115_S138    A73  151.282169  -7.799972   753  10     22.068      0.009    21.301      0.010     20.970      0.009   1
NGC3115_S139   A125  151.239022  -7.723396   579   5     22.133      0.010    21.528      0.012     21.315      0.011   1
NGC3115_S140   S395  151.373520  -7.650659   732   7     22.082      0.010    21.578      0.012     21.415      0.012   1
NGC3115_S141   A179  151.355650  -7.692199   895   8     22.570      0.013    21.959      0.016     21.738      0.015   1
NGC3115_S142   S396  151.388183  -7.675435   718   5     22.053      0.010    21.303      0.010     21.016      0.009   1
NGC3115_S143   A123  151.294810  -7.726279   610   7     22.585      0.026    21.888      0.029     21.543      0.028   1
NGC3115_S144   A120  151.336170  -7.692060   886   5     22.016      0.011    21.394      0.012     21.222      0.013   1
NGC3115_S145   A350  151.289215  -7.772296   518   8     24.610      0.055    24.031      0.072     23.579      0.062   0
NGC3115_S146   A187  151.286072  -7.702492   433   6     23.037      0.018    22.280      0.021     21.892      0.017   1
NGC3115_S147   A204  151.314773  -7.675478   957   8     22.625      0.016    22.053      0.019     21.846      0.017   1
NGC3115_S148   S397  151.277270  -7.672374   770   7     22.199      0.010    21.690      0.013     21.527      0.013   1
NGC3115_S149    A20  151.329340  -7.739321   925   5     20.591      0.005    20.024      0.005     19.821      0.005   1
NGC3115_S150   A353  151.292767  -7.798222   710  12     24.321      0.040    24.013      0.066     23.619      0.059   0
