2.678481983544348299e+00 -6.195329014256078892e+01 -4.259122349558076337e+01 4.784780573629148215e+00 1.485456158895307226e+02 5.047838799950483235e+00
9.341348044342931090e+00 -4.730437366826032530e+01 -5.863929255759293824e+01 4.199911485137293177e+00 1.506349478042860994e+02 5.004888332791253447e+00
9.171112338689120236e+01 -3.764416489936077426e+01 -2.849458659209835787e+01 5.890863560790736031e+00 1.751363682962507937e+02 4.654681102310178176e+00
3.474145859527304481e+01 -5.319715201233389479e+01 -3.506600659999403291e+01 4.464486304833480190e+00 1.570065603724889058e+02 4.747616956068696936e+00
2.504736633609686791e+01 -5.432683279620238892e+01 -4.643839489185496205e+01 4.523107493838298687e+00 1.452517125544480336e+02 4.949687549422804977e+00
1.810111586998661792e+01 -5.746616984256115046e+01 -4.545600616798945026e+01 4.574838711991575657e+00 1.509818780516390291e+02 5.093007886701471421e+00
-3.614233693996204977e+01 -3.719427936504254006e+01 -4.228677732398976730e+01 5.134448937915235156e+00 1.463507687031400621e+02 5.119391176558281131e+00
2.706211773930446896e+01 -5.171256126994026658e+01 -4.639577918393236899e+01 4.514000508349885976e+00 1.452157963170673725e+02 4.934187188715000616e+00
-9.539157271011573513e+00 -4.479188746389582576e+01 -4.878790198995063321e+01 4.389460628479615600e+00 1.444037655326203549e+02 5.021980125933168893e+00
5.548522268677166913e+00 -4.380344579655567117e+01 -5.795329436526048283e+01 4.254195650153659969e+00 1.508268129345707678e+02 5.053710263712247297e+00
-4.231596146061620090e+01 -3.549689335393874501e+01 -1.798488453680639765e+01 5.280900796242011808e+00 1.235241980342313184e+02 5.428953214561730078e+00
-7.020974558195904081e+01 -7.110074180782276265e+00 -2.719935267618319585e+01 4.778884106269014609e+00 1.317855360045251700e+02 5.037739362340417415e+00
1.723644737804895044e+01 -3.984794845685421905e+01 -5.893934008185385665e+01 4.154126680623555501e+00 1.445994813268706025e+02 4.905586225322835503e+00
-7.865411366979520835e+01 -9.390412095699355310e-01 -2.009515243055000155e+01 4.844418324046057656e+00 1.314832593906920124e+02 5.163147999813574529e+00
-2.359791183916155433e+01 -2.558473573090840247e+01 -4.942884957911002886e+01 4.950335608253850772e+00 1.467189404950839844e+02 5.158457641571331465e+00
-2.359791183916155077e+01 -2.558473573090840247e+01 -4.942884957911002175e+01 4.950335608253850772e+00 1.467189404950839844e+02 5.158457641571331465e+00
1.698852621273212193e+01 -3.586897596050828696e+01 -5.663389610724831869e+01 4.094857866799881840e+00 1.458273894026770279e+02 4.902531113076307179e+00
1.729605003852921996e+01 -3.192265906282659671e+01 -5.336369711640117686e+01 4.094857866799880952e+00 1.476602180683748031e+02 4.990807447416642617e+00
-3.932059863094031016e+01 -1.349639725542993496e+01 -3.177497686715095782e+01 4.704355035855017242e+00 1.446140639771941210e+02 4.922734779146068718e+00
-3.932059863094031016e+01 -1.349639725542993851e+01 -3.177497686715095782e+01 4.704355035855017242e+00 1.446140639771941494e+02 4.922734779146054507e+00
4.181658994537004048e+01 -1.141488840987000053e+01 -7.315991643461360638e+01 5.153194170634871618e+00 1.493747887027794263e+02 5.114434418382217018e+00
1.533687879631074891e-01 -3.565077454184558547e+01 -5.011138726167006752e+01 4.235684564877399083e+00 1.454855577024743809e+02 4.969527124071504431e+00
4.181658994537004048e+01 -1.141488840987000408e+01 -7.315991643461359217e+01 5.153194170634870730e+00 1.493747887027794263e+02 5.114434418382217018e+00
7.238638793802567761e+01 1.319478534065249731e+00 -5.600906245439335152e+01 5.218797662894091083e+00 1.691349387323624569e+02 4.712483590795628174e+00
7.819541983850039735e+00 -1.068562779621310987e+01 -5.556955975360942546e+01 3.880896237492702294e+00 1.483648459036034524e+02 5.023680821834304311e+00
7.948563717796911021e+01 -1.433545642905086570e+00 -5.101995793322895878e+01 5.134469362347988231e+00 1.642680355394804224e+02 4.428546309658443647e+00
-5.743072072786880966e+01 1.378327896492208460e+01 -2.815659328428843722e+01 4.749283415936337960e+00 1.323074449908243082e+02 4.949420016012751944e+00
-2.000930858943214119e+01 9.133796367489750878e+00 -4.415894221015892640e+01 4.595563983730663438e+00 1.510241371437029443e+02 5.165108343308375538e+00
3.469170228816951607e+01 1.390644170389993661e+01 -5.910108536161898485e+01 4.931587050112673509e+00 1.527690740955118827e+02 5.130626418926752308e+00
-2.505983884608934886e+01 1.025722413197664729e+01 -3.942741479495694534e+01 4.595563983730664326e+00 1.469689082765466992e+02 4.941860801292691008e+00
7.948563717796911021e+01 -1.433545642905088791e+00 -5.101995793322895878e+01 5.134469362347988231e+00 1.642680355394804224e+02 4.428546309658443647e+00
7.948563717796909600e+01 -1.433545642905084128e+00 -5.101995793322894457e+01 5.134469362347987342e+00 1.642680355394804224e+02 4.428546309658443647e+00
1.292101625124947262e+01 4.117608466030995373e+01 -5.282077941885693662e+01 6.028977274055656643e+00 1.470824258706661283e+02 5.143803903961057244e+00
-2.505983884608934886e+01 1.025722413197664373e+01 -3.942741479495695245e+01 4.595563983730664326e+00 1.469689082765466992e+02 4.941860801292691008e+00
3.587134456345273748e+01 4.175160062783654524e+01 -3.967233458968900806e+01 5.846621729355717889e+00 1.739970114685881697e+02 4.987753429778891245e+00
-7.274101465348019246e+01 4.712669371673410268e+01 -3.252421991189642370e+01 4.677571019332337876e+00 1.415426084258729418e+02 5.206751829581492075e+00
-8.343620742389065015e+01 4.589784884794027420e+01 -3.166017255508204542e+01 4.710017057469365831e+00 1.426004470539976978e+02 5.319042163818096469e+00
-4.749994556214780062e+01 8.728893782056179873e+01 -7.079204101220037160e+01 5.831242539354722254e+00 1.660447153630611581e+02 5.361870973812685293e+00
6.187457891472124771e+01 8.100791046874259393e+01 -3.364077042086449154e+01 5.412533214505887535e+00 1.650566569393673433e+02 4.330821163501198612e+00
