-4.173425977515994134e+01 4.427170753644537626e+01 3.494914020723779657e+01 3.131198828463023887e+00 1.892084564706345020e+02 2.317441168382160299e+00
-2.589775165644600747e+02 -1.082125392845610037e+02 -3.584048695178177724e+01 3.205160235299461480e+00 1.193633528349467952e+02 2.480530750547906393e+00
1.722310043356397387e+02 1.919703050288554493e+02 1.082967848309975096e+02 4.039571310799670023e+00 1.159706859512351116e+02 3.068751891147925903e+00
-1.013670659428214265e+02 6.472208916436649417e+00 -6.830783839155317594e+01 3.641299018975419965e+00 1.501254142375633762e+02 2.778172244185427076e+00
5.581775253483309740e+01 8.349338275797677511e+01 1.473446976042888252e+02 3.476786928542567878e+00 1.334112439039528795e+02 2.493800010927259336e+00
-4.894309971440724105e+00 -5.832707952611590940e+01 -4.234310603901030845e+01 4.209285358818385170e+00 1.324252241833103199e+02 2.609640850253100552e+00
9.138504311972031502e+00 1.950351154530803512e+02 5.233419417243234051e+01 3.727276782465177352e+00 1.433997559272678757e+02 3.110365318954038116e+00
-2.243944036665004660e+02 -1.448151656800870626e+02 -9.544396018994341091e+00 2.868665842711246583e+00 1.314351931561710671e+02 2.345682802208798989e+00
-2.243944036665004660e+02 -1.448151656800870626e+02 -9.544396018994341091e+00 2.868665842711246583e+00 1.314351931561710671e+02 2.345682802208798989e+00
5.158481127794898313e+00 -4.573815229191460929e+01 9.583436630559407376e+01 3.492595473095949643e+00 2.090311938443637985e+02 2.661371219298942492e+00
-2.649087100936853645e+01 -5.008582422484359853e+01 -6.746225102047976918e+01 4.126364051041532477e+00 1.071281475616935950e+02 2.635659314604822612e+00
7.014779881669393546e+01 5.948017462296179048e+01 1.804126266711071196e+02 3.729958608877682380e+00 1.791192061170437455e+02 2.679813678575939662e+00
9.138504311972031502e+00 1.950351154530803512e+02 5.233419417243234051e+01 3.727276782465177352e+00 1.433997559272678757e+02 3.110365318954038116e+00
-6.527089719876349250e+01 3.261947046580919363e+01 8.234307895606212568e+00 3.642220019821605703e+00 1.708321983702135753e+02 2.230577876833223172e+00
7.447182286171216248e+00 -5.898275695652740325e+01 3.392858003606383477e+01 3.817595029063589607e+00 2.003574056529980112e+02 2.462431715165138257e+00
2.021755599406266128e+02 1.616116592558742013e+02 1.178467165799851415e+02 4.480768131679716326e+00 1.257334084481924776e+02 3.510042457252936288e+00
7.816938695906925716e+01 6.698986487950698177e+01 2.220191141364852001e+02 3.908123646474324975e+00 1.572198778780851285e+02 2.656674747021654071e+00
-5.291270571838678194e+01 -1.090613639214771524e+01 -2.851684836213149055e+01 3.682268644877126906e+00 1.528404723886968384e+02 1.859646278736576619e+00
-4.419504712798399026e+01 1.861141230090293277e+02 4.490802461541683499e+01 4.155618434863638910e+00 1.392978463580826372e+02 3.129318761802508675e+00
-5.561762531744785854e+00 5.841514601891130098e+01 1.243607569207366339e+02 3.084333978817060729e+00 1.812944841962931832e+02 2.330456840900069437e+00
7.447182286171216248e+00 -5.898275695652740325e+01 3.392858003606383477e+01 3.817595029063589607e+00 2.003574056529980112e+02 2.462431715165138257e+00
-2.868766482867244960e+01 -1.082155946323757547e+02 -2.822516998032543967e+01 3.955090441304238258e+00 1.152687728745300717e+02 2.410367704957913304e+00
-1.694857267786815669e+01 -5.217465390075906839e+01 -5.444170600697335516e+01 4.255616732111863421e+00 9.103521296729084611e+01 2.409317056260618983e+00
-9.237848578725652260e+01 -2.060047393927025041e+02 -1.095016976608218151e+01 3.784737680560844808e+00 1.196445151271047678e+02 2.890201326208909904e+00
-5.749294464455449827e+01 1.323373687633652480e+02 2.618265197492334906e+01 3.611366386722837607e+00 1.575390745180382055e+02 2.710536992297093661e+00
4.441144469232406067e+01 9.388658332856212496e+01 1.296169578021020072e+02 3.015784142343644447e+00 1.499828323509060795e+02 2.375566446334659076e+00
-4.419504712798399737e+01 1.861141230090293277e+02 4.490802461541684210e+01 4.155618434863638910e+00 1.392978463580826372e+02 3.129318761802508675e+00
1.970163401092423427e+01 6.499010409732873939e+01 1.910037916676358805e+02 3.282700225639116454e+00 1.300198446391934510e+02 2.277446480201049894e+00
-9.237848578725652260e+01 -2.060047393927025041e+02 -1.095016976608218329e+01 3.784737680560844808e+00 1.196445151271047678e+02 2.890201326208902799e+00
-2.073891233152545226e+02 -1.825622260787906441e+02 -3.477520441297289722e+01 3.067172645827628497e+00 1.192639509659142476e+02 2.707197594651155725e+00
9.762497804914859501e+01 -2.986908762886418245e+01 1.641917193215829514e+02 3.666444961755903176e+00 2.042753044300754368e+02 2.533499493539551395e+00
-2.266739386173169919e+02 -1.552197994635899647e+02 -2.105645702024942167e+01 2.956953198337132882e+00 1.119089361936748901e+02 2.488260278898060562e+00
-9.399818566477833315e+01 -3.037110663700867974e+01 -6.055506469887068022e+01 4.335377317915381390e+00 1.164182116337474042e+02 2.707722728282853097e+00
-9.312717183986748637e+01 -1.861717223497073448e+01 -8.806926252966052004e+01 3.921023822887087285e+00 1.293131470500969442e+02 2.668087632658071584e+00
8.539313147917965807e+01 1.222954715335196738e+02 1.078596639786453721e+02 3.956886979733292176e+00 1.470059862726685083e+02 3.344013962185854894e+00
-1.332547420820408490e+02 -1.378157788785611615e+02 5.359731424251855891e+00 3.486148783849882360e+00 1.362249977060010906e+02 2.794218036163059082e+00
-9.399818566477834736e+01 -3.037110663700868329e+01 -6.055506469887068732e+01 4.335377317915381390e+00 1.164182116337474042e+02 2.707722728282845992e+00
7.380088959253902203e+01 1.141210063408849322e+02 1.096701481046800097e+02 3.798715457046412336e+00 1.425405556324234340e+02 2.889954114385702155e+00
1.438047463078613646e+02 2.500002439198918935e+01 1.298740874658014661e+02 4.850351265518237476e+00 1.844619472953703792e+02 3.320334558953192072e+00
1.038223546828934900e+02 4.484593797588292574e+01 1.844071671686910747e+02 3.836408912473766364e+00 1.825255050671001413e+02 2.925688901691856358e+00
1.008447191332465138e+02 8.084339294404375664e+01 1.911149606398071512e+02 4.429434142299339072e+00 1.792759046832563001e+02 3.051380917382829239e+00
1.025368249363382915e+02 9.788694537030842469e+01 2.029290663623740443e+02 4.850351265518237476e+00 1.786800492500491941e+02 2.977687651656083290e+00
-4.894309971440724105e+00 -5.832707952611591651e+01 -4.234310603901030134e+01 4.209285358818385170e+00 1.324252241833103199e+02 2.609640850253100552e+00
-5.561762531744784077e+00 5.841514601891129388e+01 1.243607569207366339e+02 3.084333978817060284e+00 1.812944841962931832e+02 2.330456840900069437e+00
-2.661796302213639365e+01 -5.100270231698528534e+01 -1.036825576907332191e+02 4.126364051041532477e+00 7.215954545311382162e+01 3.347248464499358533e+00
1.942691802608842693e+02 1.704176627730421671e+02 1.260272748510687961e+02 4.578904333605887444e+00 1.184875098902833770e+02 3.530762177652654543e+00
4.229659833155624682e+01 2.185525584792272582e+02 8.115745373185490052e+01 3.727276782465177352e+00 1.308402078873310188e+02 3.214144067076190936e+00
8.163626870397139612e+01 1.193931009337905209e+02 1.218776821311111433e+02 3.730925011368323219e+00 1.540306463013123732e+02 2.945042031101209545e+00
2.668233068954549125e+01 5.590796668411250181e+01 1.852736202246286155e+02 3.156072621875125606e+00 1.306163848833675445e+02 2.335081429411502540e+00
-8.300764923259002614e+01 1.146897706659372886e+02 -7.346499946145480742e+00 3.886337599263662401e+00 1.414803519927767184e+02 2.737099402200016129e+00
1.942691802608842693e+02 1.704176627730421671e+02 1.260272748510687961e+02 4.578904333605887444e+00 1.184875098902833770e+02 3.530762177652654543e+00
-6.219337674614656919e+01 -1.229927138543764755e+02 -3.979641637380587582e+01 3.880611790328169608e+00 1.206781256069218244e+02 2.422091583627924649e+00
-8.300764923259002614e+01 1.146897706659373029e+02 -7.346499946145477189e+00 3.886337599263662401e+00 1.414803519927767184e+02 2.737099402200016129e+00
9.138504311972031502e+00 1.950351154530803512e+02 5.233419417243232630e+01 3.727276782465177352e+00 1.433997559272678757e+02 3.110365318954038116e+00
-2.868766482867244960e+01 -1.082155946323757547e+02 -2.822516998032544322e+01 3.955090441304238258e+00 1.152687728745300717e+02 2.410367704957913304e+00
-5.761263254464361694e+01 5.995884007877860000e+01 4.670676403436917923e+01 3.458702964602541119e+00 1.931953415587446159e+02 2.390914421144628932e+00
-2.774385864806199606e+02 -7.215825698427237000e+01 -6.351295097132284795e+00 3.399629972247918630e+00 1.063633395489254099e+02 2.483310239905392791e+00
-7.311067537977615416e+01 3.035055661424759776e+01 -1.352227875423989900e+01 3.399629972247919074e+00 1.791598169233268720e+02 2.327164171513175006e+00
-1.515155313403888115e+01 -8.176504706863784122e+01 -4.908212730909519195e+01 3.773705997497031728e+00 1.166955440451776695e+02 2.394490859197183852e+00
7.447182286171216248e+00 -5.898275695652740325e+01 3.392858003606383477e+01 3.817595029063589607e+00 2.003574056529980112e+02 2.462431715165138257e+00
6.953804914390148895e+01 1.297958785639868324e+02 1.273405033903480330e+02 3.419913629732310056e+00 1.515540827559587740e+02 2.729025266579995446e+00
9.369848839902614657e+01 1.064274641331634967e+02 1.704746870727531132e+02 4.682957909128316665e+00 1.421036241620881242e+02 3.272494172024991599e+00
-2.613270453607229342e+02 -1.304733486854510147e+02 -3.058258055817716325e+01 2.972900094377780800e+00 1.176898041463235671e+02 2.301418339435407745e+00
-9.037806492977446737e+01 5.865886945520853857e+01 -5.556044911836799116e+01 3.486992962757966108e+00 1.239038336775743119e+02 2.629059462287756332e+00
-1.056133428378433763e+02 -4.906357716959264792e+01 -8.273667013053407970e+01 3.921023822887087285e+00 1.252094644984954783e+02 2.693353480733655658e+00
1.025211065735212799e+02 1.268573395591451032e+02 1.132192671035513882e+02 4.289413853055964232e+00 1.510740215920659182e+02 3.426414281657287120e+00
1.052223689782104543e+01 1.766290936891210492e+02 6.223955022495607636e+01 3.627630866395059606e+00 1.501433981232607948e+02 3.136053111667621351e+00
9.762497804914859501e+01 -2.986908762886417534e+01 1.641917193215829798e+02 3.666444961755903176e+00 2.042753044300754368e+02 2.533499493539551395e+00
-7.781336828868630562e+01 -3.195280244005760650e+01 -7.328618522892755038e+01 4.045361250300993916e+00 1.101190265122244938e+02 2.361214708621879765e+00
-1.040125266890881477e+02 1.297489402293240914e+02 -1.339191398944451272e+01 3.886337599263662401e+00 1.410879512928017334e+02 2.729416522926186417e+00
-2.754130943877283144e+01 -9.453496535004627788e+01 -3.964735534401489048e+01 3.607325078475680513e+00 1.158813617455369780e+02 2.298094015172253535e+00
-1.837408377310200436e+01 3.320449496264328104e+01 7.510271848913335191e+01 3.434495850470929312e+00 1.874407639762493147e+02 2.571894441503914663e+00
-8.300764923259002614e+01 1.146897706659373029e+02 -7.346499946145482518e+00 3.886337599263662401e+00 1.414803519927767184e+02 2.737099402200016129e+00
1.025211065735212799e+02 1.268573395591451032e+02 1.132192671035513882e+02 4.289413853055964232e+00 1.510740215920659182e+02 3.426414281657287120e+00
2.804405423153229293e+01 -4.762031143810400380e+01 7.973972038482691005e+01 3.817595029063589607e+00 1.962882828902428400e+02 2.683942440272332419e+00
-9.312717183986748637e+01 -1.861717223497073448e+01 -8.806926252966052004e+01 3.921023822887087285e+00 1.293131470500969442e+02 2.668087632658071584e+00
-9.237848578725652260e+01 -2.060047393927025041e+02 -1.095016976608218151e+01 3.784737680560844808e+00 1.196445151271047678e+02 2.890201326208909904e+00
2.021755599406266128e+02 1.616116592558742298e+02 1.178467165799851273e+02 4.480768131679716326e+00 1.257334084481924776e+02 3.510042457252936288e+00
-5.034466043876441432e+01 -1.906481423018760424e+01 -4.281060964023147619e+01 3.584983309707805432e+00 1.546287489440433944e+02 1.868972893443981320e+00
-5.392448961676863206e+01 -1.589834980017246835e+02 -1.909093292836150368e+01 3.854516055020813514e+00 1.280728308424546356e+02 2.909756986162790326e+00
-5.927314790521452892e+01 4.293141766882643395e+01 4.291157878507554813e+01 3.399629972247919074e+00 1.828624893191602609e+02 2.197930814734490923e+00
