2.065447853202524300e+02 -1.195132521896899647e+02 -7.829410718446878192e+00 2.204236084477975144e+00 1.573167108097547384e+02 4.217376115272728043e+00
-5.886741246528202964e+01 4.683614570804916610e+01 1.989884920691009427e+02 3.110370517888930042e+00 1.569904774182179494e+02 5.076347371328679969e+00
-7.302648316287078956e+01 5.594519084937830655e+01 1.868897930674526151e+02 2.834015884634952354e+00 1.859398020865893102e+02 5.154060734652318843e+00
6.618329265710833909e+01 -1.431794577808486757e+01 -1.036267757579384607e+02 4.437345889215456474e+00 1.552811240943341318e+02 5.417019635663066879e+00
-4.873301165219780984e+01 1.682009037653028471e+01 1.807158703656102716e+02 3.353993866229772802e+00 1.197966088835572975e+02 6.659076816801530185e+00
4.867004390410397718e+01 -6.497118254649880686e-01 -8.225306410286938785e+01 4.950890158619174919e+00 1.736811086445500507e+02 5.224432915002097388e+00
-5.885445258812350744e+01 4.576095973935981931e+01 1.998044843345965091e+02 3.110370517888930486e+00 1.503268023341147170e+02 5.018310432284295075e+00
3.560392774983513675e+01 4.776555811368917936e+00 -6.761348039807992905e+01 4.619847999627230806e+00 1.860175798143820600e+02 4.524101980622887709e+00
-1.291061030287547169e+02 -8.672378405118053024e+00 8.764037365920698619e+01 2.418230635845922460e+00 1.485161944031693793e+02 4.558188393462231147e+00
-9.220026826905845496e+01 4.777937959228462006e+01 1.831128833657870132e+02 2.211443506864055220e+00 1.774224055749442357e+02 4.665490637600498758e+00
5.186268091696177152e+01 -2.575940719490801101e+01 -7.375948655773228779e+01 4.342452467875527411e+00 1.701422933899740428e+02 4.894457843636516259e+00
4.156202747107055728e+01 4.050279246862987570e+00 -7.584031589984361688e+01 4.690404855056151234e+00 1.832164293943095004e+02 4.661883853745251827e+00
7.019599813536154898e+01 1.207010952657766545e+01 -9.496712366094116931e+01 4.035294013361617083e+00 1.676836605039381709e+02 4.939907031100560175e+00
-5.099016828706512428e+01 5.933906835299364957e+01 1.837114108253232700e+02 3.060116685915011292e+00 1.682529271662160397e+02 5.216709071549800569e+00
1.511598781626362609e+02 -2.985153543253018071e+01 1.947916790723973790e+01 2.608189463825958843e+00 1.894028180888552697e+02 4.763207779848130485e+00
-9.994363915854826530e+01 3.426278703420856431e+01 1.534552857219266571e+02 2.040015885740347645e+00 1.678188308861672624e+02 4.546685957554657875e+00
2.065447853202524300e+02 -1.195132521896899647e+02 -7.829410718446882633e+00 2.204236084477975144e+00 1.573167108097547384e+02 4.217376115272728043e+00
2.074031236785528165e+02 -1.170347602312561150e+02 -6.607497349300048839e+00 2.192362899050100289e+00 1.611783096449395032e+02 4.285646355500617233e+00
1.647109260445241716e+02 -2.633306628956617246e+01 1.921993595651471765e+01 2.868887262029327090e+00 1.984760438944710756e+02 5.024675121275024026e+00
-1.499366815764811918e+02 1.020507800237743794e+02 3.656163677326019013e+01 3.393651092414704529e+00 1.609645535513952836e+02 4.463500046931969223e+00
-1.825691284640291485e+02 4.022698178644674272e+01 5.176349963544648602e+01 3.168982996690510312e+00 1.334417475904748471e+02 4.850292710555962117e+00
-1.001806564825927239e+02 5.017313952358526308e+01 1.713351992914226969e+02 2.307956763278701917e+00 1.641121872378770092e+02 4.745875684758757984e+00
-1.767899152483347507e+02 9.244025352368106851e+00 3.189501218923426862e+01 2.460823390189275983e+00 1.197070904332738337e+02 4.521425657142899013e+00
1.308695404672653240e+02 -2.263234269840987523e+01 -4.446786539075631595e+01 3.099387299056909129e+00 1.769000494629665354e+02 5.065411828477252243e+00
8.536886797139217720e+01 -3.939744704684258636e+01 -4.148777154666757383e+01 3.094359205396890911e+00 1.582911478889454600e+02 5.109158860278370184e+00
8.947009130287523249e+01 -5.068883660672670288e+01 -4.246289699673393869e+01 3.332721962376230529e+00 1.565213324119111746e+02 5.210028501827935088e+00
1.182017138134959566e+02 1.975215458542712810e+01 -9.946269381061117087e+01 4.354250108434453814e+00 1.794613050214446446e+02 5.419610231952219692e+00
1.647109260445241432e+02 -2.633306628956616890e+01 1.921993595651470343e+01 2.868887262029326646e+00 1.984760438944710756e+02 5.024675121275024026e+00
-1.307210398285588724e+02 1.003847356279588894e+02 6.814987853716509392e+01 2.857708602874760473e+00 1.692414251889885293e+02 4.300583364347900783e+00
1.079477971370444749e+02 -6.025159143121033622e+01 -6.071523464512464585e+01 3.541481509146467754e+00 1.378478871800362526e+02 5.158523127822746801e+00
1.638888771504360307e+02 -3.725949752475471399e+01 1.106125458426387276e+01 2.837322494930523131e+00 1.755475647794636700e+02 4.845114170311447310e+00
1.603505241077366179e+02 -2.446313007754590529e+01 1.932740966472804800e+01 2.843092925676530491e+00 1.988615095990171824e+02 5.033267117130250767e+00
-1.001363997640541328e+02 2.645619066233648198e+01 1.566518697935956936e+02 2.235135836347959870e+00 1.731641634403608521e+02 4.466981289825326940e+00
1.537205470193441670e+02 -2.193232160030506606e+01 1.441641489531900611e+01 2.798340747522638949e+00 1.997970470252250834e+02 4.997314703209923437e+00
-1.299525071537712506e+01 4.147620523595578135e+01 1.099252080044654889e+02 3.098483950514743679e+00 1.651767538123933434e+02 5.380992763023982661e+00
4.121357261236272507e+01 4.593383850990019823e+01 2.911296445882511463e+00 4.440938636184593946e+00 1.489050032738994389e+02 5.033703927286396151e+00
4.663312578327694524e+01 -1.497203244576761705e+01 -6.611311457826525384e+01 4.342452467875526523e+00 1.781687051645153588e+02 5.008616735327350966e+00
5.005456962339964377e+01 -1.851521165081178921e+01 -7.002176235575061014e+01 4.550384327753246083e+00 1.778514829851019385e+02 5.038560239543002695e+00
-1.006428799317854228e+01 -2.532990542917206156e+01 2.343242265306465200e+01 4.941119834361439977e+00 1.528806397160869892e+02 5.573307058463498720e+00
-9.014805214761925356e+01 2.053856813415271176e+01 1.672445881583596758e+02 2.436108828175164831e+00 1.109149561601139453e+02 5.127353973849061219e+00
-4.873301165219780273e+01 1.682009037653028827e+01 1.807158703656102716e+02 3.353993866229772802e+00 1.197966088835572975e+02 6.659076816801530185e+00
-3.955488570662858194e+01 3.998615429233628760e+01 1.779396504521730833e+02 3.622564731614645872e+00 1.406216466266840541e+02 6.589156368059704505e+00
-6.598465742886813246e+01 -1.989240079507270309e+01 1.194784083302591000e+02 5.031044584846146250e+00 1.208874993537379794e+02 6.309695927084675304e+00
5.039496956099515046e+01 1.406356742024016171e+01 -8.378635765542171043e+01 4.221514011348351580e+00 1.700636351487289630e+02 5.073991755556079397e+00
-5.630655501988202616e+01 1.799100361951658655e+01 1.897832860132483859e+02 3.447211720323481554e+00 1.156950733609690047e+02 6.751665133469821001e+00
9.094311546839038840e+01 1.369710516825254274e+02 -1.354198076250732186e+02 3.726398982341631694e+00 1.847175140586295186e+02 4.431815858751150472e+00
-1.478960165912383502e+02 -4.753634431618129241e+01 1.131142065519127904e+01 2.413494992311092435e+00 1.729391800605056631e+02 4.331346088269654615e+00
-4.847472408514069997e+01 1.188220725364821106e+02 1.773116234074176845e+01 4.060579673920168275e+00 1.814958608343451658e+02 4.406930204868146461e+00
-1.560413945409547978e+02 -8.512672705137860873e+01 -6.064551074785865836e+01 3.333303048124240942e+00 1.544868602826790323e+02 4.684068294777759434e+00
-5.955738862960270552e+01 9.324203899552662733e+01 1.164099227813452728e+02 3.006777600956199947e+00 1.796737251241816864e+02 4.381766169174397874e+00
-1.147042127280778203e+02 -7.484099354120853320e+01 1.247171509430105374e+01 3.857631778100513831e+00 1.536774544297243494e+02 5.232750778409027248e+00
6.027066261999256369e+01 1.435776705690219615e+02 -1.055719872669081809e+02 3.774260606801802531e+00 2.068757779441566242e+02 4.690379764640113081e+00
-1.419502365348723742e+02 -8.527925523571698818e+01 -4.085346097283010636e+01 3.210828422578051011e+00 1.764454235734098120e+02 4.428148301046036295e+00
-3.437173664718527988e+01 6.447482720343408857e+01 1.585610377437550085e+02 2.810889558640119024e+00 1.450283075816579981e+02 5.175115094905791580e+00
-2.473717278725590063e+01 -7.013111227684289872e+01 4.127530847316689488e+01 5.215638119974561171e+00 1.313904106089938182e+02 5.372064764079667043e+00
1.105832024051308764e+02 1.155662424742817649e+02 -1.181413852059015142e+02 4.054450671330823930e+00 1.666042016276900597e+02 5.299324118263143646e+00
-3.597397517256921873e+01 6.591888701274848472e+01 1.418213992795151341e+02 2.837040859761329692e+00 1.574928172965357760e+02 4.984917628102536469e+00
2.190183745825595452e+01 -7.192551608100211524e+01 -8.284538343871261645e+01 5.270391315987508207e+00 1.461765713101795257e+02 4.473077148821829496e+00
-4.876569946642333520e+01 -8.307888718799438266e+01 -2.411850372697518452e+01 3.773121695610006210e+00 1.367045262601059505e+02 4.616989812539216587e+00
-6.790844505636023598e+01 1.176373421454128732e+01 1.738778350535019399e+02 3.235398242592282259e+00 1.096912029289495933e+02 5.144455003243258773e+00
-9.371909047708425078e+01 3.296014446343232862e+01 1.750833867322184858e+02 2.000094974291438010e+00 1.451675841915129297e+02 4.630435058311462626e+00
4.090307854539995702e+01 -2.963987407648627581e+01 -7.783144132457429976e+01 4.389390981924987223e+00 1.691621337652135253e+02 5.113191573550835756e+00
-1.164282454557019442e+01 4.132082968167772208e+01 1.053666902259006974e+02 3.147778163201246482e+00 1.601711272358411122e+02 5.460662920717609836e+00
4.663312578327694524e+01 -1.497203244576762238e+01 -6.611311457826523963e+01 4.342452467875526523e+00 1.781687051645153588e+02 5.008616735327350966e+00
-7.323085952928686027e+01 5.590741944753867188e+01 1.861351158976837894e+02 2.841077633029501115e+00 1.807310916804300120e+02 5.024217106340216787e+00
-6.022399182112341265e+01 5.076348218481136598e+01 1.966495275393553754e+02 3.172207726603570421e+00 1.629876912530513664e+02 5.603169247693756461e+00
6.618329265710832487e+01 -1.431794577808486579e+01 -1.036267757579384750e+02 4.437345889215455585e+00 1.552811240943341318e+02 5.417019635663081090e+00
-7.090666898467313217e+01 5.509795416590667116e+01 2.004766307887028347e+02 2.906594544760310761e+00 1.639282998752808282e+02 5.675064316025739686e+00
-5.946733078111843440e+01 6.100706407862839598e+01 1.760115070763712595e+02 3.194375000902583750e+00 1.878706669493670631e+02 5.290101142656382649e+00
3.218860866413027821e+01 -7.450471874289286589e+00 -7.599082799674673083e+01 5.072963431988693372e+00 1.891048584780412227e+02 5.100041879361597807e+00
-1.156726494607644469e+02 1.389746152420021303e+02 2.319336743827784630e+01 4.128106709165724197e+00 1.593914285650266720e+02 4.179654569134655162e+00
-1.185790568367146847e+02 5.619025746988151582e+01 1.346867518183835557e+02 3.097603963852258779e+00 1.613425238429100546e+02 5.027279489703190052e+00
-8.712417975064219888e+01 -7.384937746639910472e+01 1.303806704695217711e+01 3.966417603537897740e+00 1.264922527271927351e+02 4.834046961682410881e+00
-7.658645114503309514e+01 -9.884943113441076434e+01 -3.165673178655769959e+01 3.808814818876813391e+00 1.755427227201401195e+02 4.522120939602658041e+00
-1.002704855246140028e+02 5.145182159670205380e+01 1.703902810878606999e+02 2.313082826965133343e+00 1.732153212045631960e+02 5.076781234924339969e+00
-1.167517053140764034e+02 7.054592913055110159e+01 1.231327700562158753e+02 3.003189356528358278e+00 1.609026025271188871e+02 4.965529630591632326e+00
-1.187536173870393981e+02 7.036665329098646282e+01 1.224237752127545349e+02 3.062310508746207915e+00 1.597330585696023206e+02 4.902845344247509729e+00
-7.928778692325103350e+01 6.611361366361477110e+01 1.752155825505085147e+02 3.047374536277464241e+00 1.820133511586444115e+02 5.262140763250542363e+00
-1.265234036909045585e+02 -1.062148197053237020e+01 9.808713000606138621e+01 2.418230635845922460e+00 1.241138993022135395e+02 4.808675860063011953e+00
-5.630655501988204037e+01 1.799100361951659011e+01 1.897832860132483859e+02 3.447211720323481554e+00 1.156950733609690047e+02 6.751665133469821001e+00
-5.885445258812349323e+01 4.576095973935981931e+01 1.998044843345965091e+02 3.110370517888930486e+00 1.503268023341147170e+02 5.018310432284295075e+00
-5.701985237765516246e+01 4.892635202051673105e+01 1.987396624276698560e+02 3.110370517888930486e+00 1.567740093255256397e+02 5.073704656053777740e+00
-5.198111872623849905e+01 2.397968793879523020e+01 2.043534242767002809e+02 3.292743157663478915e+00 1.128749197120423133e+02 5.143766991127648680e+00
-3.118537333931325151e+01 2.902391710289334981e+01 1.710801277651483190e+02 3.556360612641274788e+00 1.509331888618272046e+02 6.433630690877123470e+00
-1.585094758508520272e+02 -2.777186763273544656e+01 2.004197947753937825e+01 2.258866249780276281e+00 1.671084677686920656e+02 4.035987459135000677e+00
1.562231159861991614e+02 -4.774857030109995293e+00 3.231140450474152459e+01 2.697586304661968803e+00 1.796643815562784141e+02 5.135106224565888056e+00
-1.450237767527415826e+02 -2.454183498928854945e+01 5.540889884898675177e+01 2.345185499768425164e+00 1.198381825629878392e+02 4.544323730433589503e+00
1.082130603654287739e+02 -2.429717124903039505e+01 -6.241062082085042562e+01 3.351864685652504949e+00 1.742839350026272314e+02 5.144461620199152208e+00
1.607559996463792515e+02 6.989075941598126462e+01 -5.786700999693314884e+01 3.096863109110499668e+00 1.914103184261496438e+02 4.899671063607215160e+00
1.518624816056118334e+02 7.548862551044437907e+01 -4.496765835919890719e+01 3.074528971867721783e+00 1.830546366525579174e+02 4.942055052011411931e+00
7.214089618480485910e+01 1.336951224971649310e+01 -9.541240409197305894e+01 4.054860204098162946e+00 1.694481926725688083e+02 5.047346088353066307e+00
-1.419502365348723742e+02 -8.527925523571697397e+01 -4.085346097283011346e+01 3.210828422578051011e+00 1.764454235734098120e+02 4.428148301046022084e+00
-1.450413633302831897e+02 -2.084240519245287970e+01 4.777993079154476419e+01 2.312142727838711220e+00 1.389965736987786329e+02 4.471994345155295036e+00
5.285962560233737406e+01 -1.202357648903482534e+01 -9.064069134088249768e+01 4.550384327753246083e+00 1.603820438827239911e+02 5.319196746231128259e+00
-4.921699376580760088e+01 5.265718348075322552e+01 1.960432749602796605e+02 3.032239513762950534e+00 1.277561250977815348e+02 5.137311644110610587e+00
-4.577485637955403064e+01 4.670038963583068892e+01 1.852497782527442212e+02 2.957924172948557029e+00 1.377722305110866614e+02 5.443433882064127260e+00
1.511598781626362609e+02 -2.985153543253018782e+01 1.947916790723974856e+01 2.608189463825958843e+00 1.894028180888552697e+02 4.763207779848130485e+00
1.537205470193441670e+02 -2.193232160030506606e+01 1.441641489531900611e+01 2.798340747522638949e+00 1.997970470252250834e+02 4.997314703209909226e+00
1.052304488802883640e+02 -3.077045021156810733e+01 -5.053890616780948619e+01 3.174912716415706271e+00 1.758690990481272536e+02 5.063740110746309142e+00
2.050197700659916222e+02 -1.115342857102766914e+02 -1.280661358132301864e+01 2.109539848480967983e+00 1.618877620451898167e+02 4.235914116862900869e+00
2.184989870260077680e+02 -1.114052578480222451e+02 -1.097343466472483975e+01 2.285428722872967278e+00 1.830865573984065122e+02 4.900539143103259221e+00
-9.739889272733617531e+01 4.989889657990606509e+01 1.776476737884636350e+02 2.243335452704727562e+00 1.789185499046982386e+02 4.780976532884096741e+00
-1.139977366828319845e+02 9.015551490032913762e+01 7.853915706317225442e+01 2.936769580726837692e+00 1.828618604302165522e+02 4.379377163586624988e+00
1.647109260445241432e+02 -2.633306628956617246e+01 1.921993595651472120e+01 2.868887262029326646e+00 1.984760438944710472e+02 5.024675121275024026e+00
-1.258208539965260115e+02 1.375371732807701619e+02 2.489573287118389544e+01 4.194247660435603819e+00 1.623583305531317649e+02 4.362286663414650434e+00
-6.790844505636023598e+01 1.176373421454128732e+01 1.738778350535019399e+02 3.235398242592282259e+00 1.096912029289495933e+02 5.144455003243258773e+00
1.561737033756479320e+02 -4.109941508128174803e+01 1.877165805262766884e+00 2.739849616510876107e+00 1.699923233560857057e+02 4.674384628980391199e+00
