-2.024840205120315204e+02 -8.600111394579651858e+01 1.155881057296603416e+02 3.550894389846268151e+00 1.925379443122835426e+02 3.276428917941004215e+00
-1.359761023008336736e+02 -1.449459266685815635e+02 1.040923481335851619e+02 4.528763260149919923e+00 1.945933965991652030e+02 4.850165944994188294e+00
-1.070484567697306204e+02 -1.469287908932311950e+02 -2.199559490941519257e+01 3.574420267359846637e+00 2.135863057407941596e+02 6.431212329854758991e+00
-1.204106777326176854e+02 -1.815946858282362655e+02 3.566411236455232370e+01 4.186661344472821789e+00 1.876034314718150426e+02 7.142885407491917249e+00
-8.910922797320814936e+01 2.376597061838725011e+01 -1.321432784667614158e+02 7.118359450801584387e+00 2.636493646872679051e+02 6.676084802255900286e+00
-9.756971215811618947e+01 -1.477236331905342865e+02 3.836134526728324090e+01 3.778161623767210653e+00 2.337854785909509872e+02 6.688013655783052513e+00
-9.952070933869173075e+01 -2.027503752127681196e+02 -9.755372348097179014e+00 4.505247832375057548e+00 1.984214958113157650e+02 7.280848006883502421e+00
-9.240219791323953302e+01 -2.389826582153068557e+02 -4.759864320430772722e+01 3.683857741020625465e+00 1.901287984498929120e+02 4.464852128612918136e+00
-9.266847552439341484e+01 -2.187597581699736793e+02 -3.049827245912941009e+01 4.208228490586360948e+00 1.935986570201353345e+02 6.535016579065214160e+00
-6.642813625611924522e+01 -1.161561394468576935e+02 -9.649012566853578221e+01 3.653932465572336419e+00 2.823936082846068985e+02 6.235290396165368065e+00
-5.536000797428997089e+01 -1.007255134380669261e+02 -1.641593350085198892e+02 3.650036065908209615e+00 2.946631084815335271e+02 6.293108085957328512e+00
-6.904486719617725043e+01 -1.322587213782326785e+02 -8.954503083642404704e+01 4.314570612647850467e+00 2.797316750030286130e+02 6.475125663281062316e+00
-7.507280196880724077e+01 -1.918923216358169839e+02 -7.829369389268593693e+01 4.124580324415956234e+00 2.366496302553629505e+02 6.741114985199388343e+00
-3.958473468495159864e+01 -5.365926613328557693e+00 -4.777078946335311116e+01 5.275894577781793160e+00 3.317374375918400915e+02 5.381381569014052957e+00
-7.048988310296843451e+01 -1.875976301990037882e+02 -6.866635913774197775e+01 4.090067439037165187e+00 2.176833192966332717e+02 6.475522505948646312e+00
-2.426938084994665701e+01 -5.313214289625578601e+01 7.233833368310193634e+01 4.909309177776023603e+00 2.739888455758737678e+02 5.742748264315650886e+00
-3.237993165916221017e+01 -7.669827041270944790e+01 -5.517344808552218538e+00 3.178068236563670990e+00 3.147627836959128445e+02 4.561597734797686599e+00
-7.108914660255492457e+00 -6.159508412143559042e+01 5.660102257300772521e+01 3.540323657441718730e+00 2.813869000149082922e+02 4.504541972462703825e+00
-2.998266010341576759e+01 -1.206277201486517185e+02 1.390946484669603933e+01 3.198454341028671877e+00 2.514336095274456397e+02 6.058901931403653407e+00
2.120307331193868272e+00 3.581709471421410029e+01 -1.792662207737994322e+02 5.746488945910951607e+00 2.861217354553826908e+02 5.241399618428488338e+00
-4.386591567401985259e+01 -2.239102537745374377e+02 -1.111725420491752487e+02 3.429506781296903117e+00 2.095096895133969497e+02 5.813459924163851156e+00
1.943913822347214193e+01 4.368070078043058402e+01 -1.541377795048515509e+02 4.418611937748037732e+00 2.516852399327381988e+02 4.427337717664883598e+00
2.428588156539006704e+01 -2.091004147584865080e+01 8.311348205240420839e+01 4.127464113466506213e+00 2.878956234471097559e+02 5.139159538188835086e+00
2.373170466324352645e+01 4.052964701204336961e+01 -7.775503225740615676e+01 3.777641718467778631e+00 2.694709817401495116e+02 4.181415498444692957e+00
1.603156312736055966e+01 -9.259076399366229282e+01 -1.434058157728144067e+01 3.754976031338167264e+00 2.373788322492129907e+02 4.603677254544308539e+00
3.390510233278821062e+01 4.862847465698844474e+01 -1.087902716313539919e+01 3.249793953306070904e+00 2.355818063858073117e+02 4.557050917494123610e+00
4.533457576276696877e+00 -1.476677356442683902e+02 -6.991822310973230969e+01 3.172287206977173035e+00 2.158693818029782676e+02 5.899868328122693129e+00
3.591142206905915657e+01 -5.028313353748811387e+00 1.166221114425845116e+02 3.425453501391285904e+00 2.467430394155020394e+02 4.788087813495707223e+00
2.635548335611436954e+01 -6.637181738791711894e+01 1.656236917593279045e+01 3.312499494661178101e+00 2.654735203367748113e+02 4.146244163779414293e+00
4.198281716383219475e+01 2.280802899547332174e+01 6.750356867400407168e+01 3.505701961467059036e+00 2.292387619928183256e+02 5.294700224271508660e+00
4.288170335383307474e+01 4.227332183995303438e+01 3.191874713772720185e+01 3.190250149358271337e+00 2.202773876275093414e+02 4.902415686284484764e+00
4.104139034497330840e+01 2.744130280498144359e+01 4.335662541911923995e+01 3.247540738414792738e+00 2.339364229871013379e+02 5.153436362183740016e+00
5.018059538933091801e+01 5.964764319938275605e+01 -6.348706385875397729e+01 4.078259885799168316e+00 1.772994923850601481e+02 5.890721333286606409e+00
5.498454101381749837e+01 6.873580899931602062e+01 -7.358725549096105567e+01 4.941708546926833812e+00 2.011077074604551456e+02 6.595956698909446914e+00
5.922693199709492973e+01 1.024906195487725427e+02 -1.294378349926348051e+02 6.011575895091843869e+00 1.900526966396425621e+02 7.529746087093414531e+00
-1.968255938583560578e+02 -3.881453442937886962e+02 -2.676611029212311905e+02 4.133026765604898678e+00 2.813067498301454066e+02 5.199847538186787688e+00
-1.868647369016320283e+02 -3.943310181476576304e+02 -2.655494611079776632e+02 4.052905120164385977e+00 2.813061677247763441e+02 5.197987439813772426e+00
-1.968255938583560862e+02 -3.881453442937887530e+02 -2.676611029212312474e+02 4.133026765604898678e+00 2.813067498301454066e+02 5.199847538186787688e+00
-1.827089705997345561e+02 -3.963427386884225712e+02 -2.501867791232788250e+02 4.031337828857177286e+00 2.733291788302156533e+02 5.031782715585762844e+00
-1.700522619096690846e+02 -3.918824780140884059e+02 -2.621370198133057556e+02 3.867281544816005390e+00 2.478786547889914971e+02 5.094815373997889196e+00
-1.565342113549575060e+02 -3.355195274617203154e+02 -1.918639388524151741e+02 4.066831813418242625e+00 2.134695528641028375e+02 5.013612818084979494e+00
-1.545894038543185331e+02 -4.052562482536811217e+02 -2.061705036871156267e+02 3.797044428224242818e+00 2.897048670630164224e+02 4.539927384303013014e+00
-1.424998402717995134e+02 -2.703309126979267489e+02 -1.876861121013775460e+02 3.840235202008331683e+00 2.050320645655210683e+02 4.845401668169898812e+00
-1.562605712693265048e+02 -3.540103388778566682e+02 -2.580291825786954973e+02 3.792627739673251952e+00 2.086351540368976316e+02 5.239197646562203659e+00
-1.313747283894027760e+02 -3.108201201886361673e+02 -2.131234079604265048e+02 3.317829582391636833e+00 1.738679383900320943e+02 5.095767846877095053e+00
-1.415252756798398082e+02 -3.801933399197979497e+02 -1.957719631345891855e+02 3.650024972068639073e+00 2.482205219154935207e+02 4.342792236795872896e+00
-1.434080679837004197e+02 -3.772645267343070259e+02 -2.040345229223147214e+02 3.573028905010555256e+00 2.542918795400277929e+02 3.988864439242476578e+00
-1.444474523867350229e+02 -3.404645912031436410e+02 -2.584356266925481123e+02 3.385183412601113329e+00 2.091263433907837168e+02 5.216138172178361287e+00
-1.136062653670468592e+02 -3.990594403187639045e+02 -2.438848033617719580e+02 3.199326589364299700e+00 2.829317232125093255e+02 4.306433000779605891e+00
-1.155352602096847789e+02 -4.263661893798246751e+02 -2.532016575388421131e+02 3.534136236145088983e+00 3.047855639625997810e+02 4.510811030460047277e+00
-1.237493140021624356e+02 -3.148050778524801103e+02 -2.125829297398463495e+02 3.350526849529028794e+00 1.808864008155395027e+02 5.256251001316186944e+00
-1.162492550166259235e+02 -2.992836162622004395e+02 -1.687959432006821885e+02 3.220539212943307472e+00 1.898239908441501598e+02 4.456947789574314811e+00
-1.138227645927417058e+02 -3.071806933077913300e+02 -2.046933251510797049e+02 3.452160421412692859e+00 1.716092290641735758e+02 4.887843120134775177e+00
-9.832523809432140638e+01 -3.298666276663890358e+02 -1.564041504136400533e+02 3.450894154382692758e+00 2.308463558300195473e+02 4.239734050226971362e+00
2.167201775513036921e+01 1.540836132877669797e+02 -7.967524987602796216e+01 5.231352269299202717e+00 1.664104789368746538e+02 6.655207893013084686e+00
-2.406257772919020397e+02 -8.633465670436279993e+01 1.610069371767519044e+02 3.866634028973362724e+00 2.080421291469590983e+02 4.592942350121234085e+00
-2.092323431795325916e+02 -1.094994547771042193e+02 1.198123959768993387e+02 3.553989583456510282e+00 2.331550771482362450e+02 3.870943670366798983e+00
-2.190754169906341247e+02 -7.031115744122463695e+01 1.446024143502245636e+02 3.816395462230300240e+00 1.960533792108669502e+02 3.408523708287120257e+00
-1.903871514140692227e+02 -5.333712554139241036e+01 8.774050839740546337e+01 4.874223440256669093e+00 2.094993794740213389e+02 4.552125778560707658e+00
-1.439444564943653120e+02 -1.943587962071652342e+01 -3.040936293438272209e+00 5.542181219281038906e+00 2.494587090081242309e+02 5.372922570553299693e+00
-1.005178034915642939e+02 -1.446752461155777496e+02 -1.048487201453558804e+01 3.666475754362481521e+00 2.237229257362776593e+02 6.732263251753366262e+00
-8.475759721904866240e+01 -2.401648388233976306e+00 -2.860433145550735290e+01 5.345735396131535921e+00 2.638679783528118605e+02 5.760318984824891686e+00
-6.511608298462869016e+01 -6.987589301719727075e+01 -1.077903050018450593e+01 4.464307628238607606e+00 2.843647789371954104e+02 5.131824034376961663e+00
-9.032813361115590567e+01 -1.690350021031015899e+02 -4.437243463811869049e+01 3.164193160592057019e+00 2.077018536267791546e+02 6.553157689856945467e+00
-6.615556685145458005e+01 4.874206544581806133e-01 6.987729642645558847e+00 5.334176799036841388e+00 3.049436669288280086e+02 5.787943089832396026e+00
-6.682489061508697148e+01 2.845632971258840982e+01 -2.213997767867030575e+02 6.269452377010083843e+00 2.686382837571741220e+02 6.556111004948178334e+00
-5.176242987875429691e+01 -9.820648440597142326e+01 -1.745329170110359485e+02 3.605095500412932807e+00 2.830290223634318636e+02 5.909655765226659696e+00
-4.953263336441401776e+01 3.319648700726915536e+01 -2.820811281929966299e+02 5.935898770995130747e+00 2.850831939978223204e+02 6.036959663885909322e+00
-4.860998850723542120e+01 -8.811020714755390770e+01 -9.357373888225788505e+01 3.091033251364942114e+00 2.925805188319960735e+02 4.539827105226237336e+00
-1.310927446077821834e+01 3.217254319638256277e+01 -2.377536266729765373e+02 5.236150714721458321e+00 2.647153943389012625e+02 5.766757580604405575e+00
-1.782073198963843552e+01 -1.587994879699054351e+01 -4.343679411815239533e+00 6.237530247071881639e+00 3.110174432407288805e+02 5.309801877396864711e+00
-2.475191405597977123e+00 4.154336298201694433e+01 -2.244472476882927765e+02 4.633609704866181289e+00 2.342463446886631857e+02 5.155022257159004084e+00
-9.080664932141445433e+00 -5.240774604764595779e+01 4.555102893870188296e+01 3.975151210107717326e+00 2.824090074696626971e+02 4.931637842124217741e+00
4.420165442549689061e+01 -1.202208180182084440e+01 1.307295497720620574e+02 3.318981966552323914e+00 2.599447008500077345e+02 4.825915513397575296e+00
5.231844051174894616e+01 -4.425397711343961049e+01 5.263537532170919775e+01 3.520962805465816636e+00 2.068649076088063623e+02 3.862105703523411648e+00
5.932632071125431850e+01 4.704454453916195433e+01 -3.880103260049846181e+00 3.496892206882343146e+00 1.908201443768450645e+02 5.357268130750327373e+00
6.251224269682067103e+01 8.011856070100559180e+01 -1.405866670224486370e+02 6.034006661565280538e+00 1.872639847915236544e+02 7.543177483018212115e+00
1.000286814848355590e+02 -5.944822628015690924e+01 8.812678356568194715e+01 5.334959429703021172e+00 1.613800715701910917e+02 4.971284978712432689e+00
8.672020749687349905e+01 4.169444075093645097e+01 5.321350438865209753e+00 4.867901429820086889e+00 1.824251627380389777e+02 6.004713902963871419e+00
1.182107036629617909e+02 -5.367424714316972434e+00 2.818013489243616476e+01 6.498544495005096344e+00 1.643734391560874997e+02 6.631138282861670064e+00
-2.681313803254635104e+02 -1.364293710071603130e+02 1.080926822533825629e+02 4.456467770673541828e+00 2.384628849527741465e+02 5.080011139118525421e+00
-2.483557800142810095e+02 -1.917958789941108932e+02 -4.886014601852376238e+00 4.006252991160662802e+00 2.550461673893571515e+02 4.991736231245198496e+00
-2.695804647437431640e+02 -1.077394796394013952e+02 1.182186777319450357e+02 4.578836926823131925e+00 2.341111061013552046e+02 4.949556985746696114e+00
-2.648479708648598034e+02 -9.967063312467593050e+01 1.602658126367872171e+02 4.312951355885966009e+00 2.164230752484586731e+02 4.966118629114234295e+00
-2.570670923127182164e+02 -1.632725651500321646e+02 9.265766830870495596e+01 4.639790818820102025e+00 2.319353573735578493e+02 5.141618540973155405e+00
-2.501844777564635933e+02 -6.137188712739222041e+01 1.681224906539130473e+02 3.523044544018824720e+00 2.003543361147943926e+02 4.865617868148390812e+00
-2.458378043320313111e+02 -1.634924387752008954e+02 9.773913591190212458e+01 4.391902645504427660e+00 2.332167661211346115e+02 5.029080329623482726e+00
-1.552945130478549345e+02 -1.699041424654535319e+02 1.066807947600764663e+02 4.086872738556078133e+00 2.105740902865307476e+02 4.973269000128937023e+00
1.412007438515215654e+02 1.248712871285899837e+02 -1.064258249461793753e+02 1.055905872167465276e+01 1.852324485612604974e+02 7.779178378057267196e+00
-7.329214430539220615e+00 2.548798172760236014e+01 -2.450007160651831555e+02 7.221966569733531571e+00 2.808343105818802883e+02 6.372871192469148127e+00
-2.090131652138036600e+02 1.751095683387739355e+00 9.681179637409258021e+01 3.393832697114262942e+00 1.871411966938333080e+02 4.009958117985718218e+00
-2.420261719018381257e+02 -5.071275666141539062e+01 1.691952356158141697e+02 3.384637709978677744e+00 1.760261628281432422e+02 3.570500629873350817e+00
-2.092372138827430774e+02 3.385588878021572867e+01 7.287601632521268868e+01 3.899221225036650029e+00 1.718500145475699412e+02 5.252374789970289726e+00
-2.420261719018381257e+02 -5.071275666141539062e+01 1.691952356158141413e+02 3.384637709978677744e+00 1.760261628281432422e+02 3.570500629873365028e+00
-1.284290598242895669e+02 1.878371572099719344e+02 -7.473886901244340208e+01 4.002790233036681578e+00 2.253128047848146593e+02 5.809003950541566041e+00
-1.813516264802100864e+02 1.743380414112168042e+00 3.383272143156920464e+01 4.839013977397103261e+00 2.339885200175427258e+02 4.934417914020855278e+00
-1.329593769992538910e+02 1.451742888748584903e+02 -7.193771084868421894e+01 4.061794719191875735e+00 2.408297064317440004e+02 5.651458699722624601e+00
-1.625544165636088678e+02 9.604088125274135734e+01 -1.875261865571857456e+01 5.079758161003501193e+00 2.587175873418735819e+02 5.897211278935941436e+00
-1.287225946165308983e+02 4.028080715886125063e+01 -6.073193605208854962e+01 5.240764242727495414e+00 2.473080012858459895e+02 6.038317942257691584e+00
-1.197830832221307560e+02 -8.265759822019665748e+00 -2.153519554500412880e+01 5.240911655854763040e+00 2.646954618046935934e+02 5.443696624912689686e+00
-8.683108302948427593e+01 4.178912500605827773e+01 -1.478492812309372653e+02 6.293571985607671060e+00 2.749077299749863528e+02 6.365924593078801763e+00
-9.357702713521526050e+01 -1.056785301577911156e+02 -8.762663850307147584e+01 4.865557452392401672e+00 2.550429130558228223e+02 4.849733218951556069e+00
-8.047562572404569892e+01 1.348400345979647170e+02 -9.101660171804699928e+01 4.515464195126782876e+00 2.539233102730034943e+02 5.914215039388352579e+00
-4.953263336441400355e+01 3.319648700726915536e+01 -2.820811281929966299e+02 5.935898770995130747e+00 2.850831939978223204e+02 6.036959663885909322e+00
-3.637444442172671444e+01 8.798641702880682658e+01 -2.775188464369728649e+02 4.562525690466574524e+00 2.578586579892170221e+02 5.481652234605007834e+00
-3.342680528861366440e+01 -7.800911577581700840e+01 -1.424161985416067111e+01 3.206918589889421689e+00 3.043508665997190974e+02 4.476880759014164823e+00
1.065804900717761505e+01 4.259806158380430219e+01 -1.722296064988592548e+02 4.919031144727282090e+00 2.559635667433941819e+02 4.482388671161359639e+00
2.457671569374071652e+01 5.565411961033304067e+01 -1.591469770210389356e+02 4.066573831418450524e+00 2.173854813459261095e+02 4.850433934760516763e+00
8.390769609585150945e+00 -7.818737939425002992e+01 -2.221990093108685116e+01 3.282255250677733827e+00 2.462044069467482075e+02 4.297097446999856629e+00
2.672642220957513004e+01 -1.650078137171767523e+01 9.684434348033343554e+01 4.072343801112070949e+00 2.662840353832726237e+02 5.309291439046916139e+00
1.567192131781305342e+01 -7.140739780110861545e+01 -5.259913175671198537e+00 3.024702985255139698e+00 2.560778983044026518e+02 4.045898105158215685e+00
2.727957863019154772e+01 -3.825448976841159521e+01 2.406973534127255121e+01 4.175928189577533090e+00 2.349660134998251237e+02 4.757112993975127324e+00
3.570702178652314274e+01 1.981959623168800633e+01 6.373580716673391322e+01 4.190994816263456713e+00 2.042793185812014656e+02 4.530964008412581734e+00
3.198345491246749361e+01 -2.704927875480596100e+01 9.237138266713530754e+01 4.103647959749786800e+00 2.741895147521144622e+02 4.697925792010380519e+00
5.737710051764890551e+01 -2.933603560097211016e+01 8.524010197351844909e+01 3.484776035729779231e+00 1.659128913014296245e+02 4.170799657512390013e+00
5.724181217560627033e+01 -1.011393429763147793e+02 5.901727474700188480e+01 4.322274048173738947e+00 2.412725429882148944e+02 4.227153895395616701e+00
5.716244282964176904e+01 -4.449313049457731495e+01 4.900628830147552151e+01 3.524025708900515141e+00 2.044847854976012513e+02 3.796350170945459013e+00
6.349611469679011577e+01 -8.659182591987784505e+00 1.483527300403841309e+02 3.375105321756036947e+00 1.587377081855474046e+02 3.987800560589150223e+00
6.132278563082728340e+01 4.214637275763728752e+01 3.174414750880770075e+00 3.278638756649409292e+00 1.833037370050048764e+02 4.708730291818056912e+00
6.863747890412625452e+01 -3.266994062067377058e+01 7.511459834352834264e+01 3.900937372376594769e+00 1.675864254645942424e+02 4.741088529982008026e+00
6.822623606853423439e+01 -8.868758827165395076e+01 8.972683693239085301e+01 4.120315267013271665e+00 1.867525836501332321e+02 4.291163732043088430e+00
9.063429869428235008e+01 -1.060342926879961567e+01 3.483609142752075627e+01 4.833890506757859917e+00 1.673884404611023058e+02 4.566370493735306013e+00
1.424966288401950862e+02 -2.303804483972491113e+01 5.359250005536800643e+01 6.301798158454124277e+00 1.756232544397239224e+02 6.190297627451670337e+00
1.636999866424123695e+02 -2.585752130994784181e+01 8.520612828661283800e+01 7.137929144292182393e+00 1.855210230674680361e+02 6.414724790663001386e+00
1.619587198168665623e+02 -2.422949776761383944e+01 8.717158949756657194e+01 6.962681532408618423e+00 1.871238293216553643e+02 6.458317667436787701e+00
-2.663592656507349830e+02 4.522748837476967054e+01 9.283692520798535952e+01 3.848400163013788067e+00 1.657290786192936309e+02 5.142914209927312186e+00
-2.526524565183805464e+02 1.031164809283857693e+02 4.362660098762093241e+01 4.789300445366955650e+00 1.556368850883362995e+02 6.394620575516555050e+00
-2.587430703180083924e+02 8.571784805577323141e+01 4.530151639823318277e+01 4.380419247368277702e+00 1.528987491773559100e+02 5.815209984514893904e+00
-2.345327546542836785e+02 1.450428644736022648e+02 4.556068636171258390e+01 4.483411198120901275e+00 2.120760417869024650e+02 7.435720562446832105e+00
-2.327588925710703336e+02 1.438866157982906486e+02 3.965132426488999329e+01 4.430011348107790070e+00 2.180656953764163291e+02 6.644664711566420578e+00
-2.520248773865899352e+02 1.048013983345311431e+02 4.552834056539010987e+01 4.807450145261016772e+00 1.722816008748467596e+02 6.937053400103408762e+00
-2.486141690308658667e+02 1.147830804889926668e+02 7.342501396473377895e+01 4.903700222777783502e+00 1.958131507330393504e+02 7.016539341346302194e+00
-2.171267077903866891e+02 1.540817469922509133e+02 -1.082299347388215516e+01 4.545913119099690647e+00 2.299269449194678430e+02 6.256768733723532705e+00
-2.440268374326365972e+02 -4.883632871235936790e+01 1.729804190835575923e+02 3.479323625536054454e+00 1.783313208609188791e+02 4.525651199808592651e+00
-2.350833175054715696e+02 2.050282591361315454e+01 1.051387743953851412e+02 3.345066253517840593e+00 1.744822053964243196e+02 4.680314147917883361e+00
1.408824061480648311e+02 -5.469915117081070832e+01 1.360936148526581917e+02 7.025053050839114022e+00 1.776851428791951548e+02 6.436029909288734530e+00
1.455784156531907740e+02 -4.942393072153747369e+01 1.081942682994417311e+02 7.314075498041785472e+00 1.615817130742213692e+02 6.710697020526225742e+00
-1.060158174295126230e+02 -2.116242725194897787e+02 -2.113390170814300717e+01 4.249610334887677254e+00 2.150010465090809646e+02 5.358005444003168805e+00
-8.387196261326889157e+01 1.283595144070534104e+02 -8.343537305395452108e+01 4.542539985021052829e+00 2.567535783587056244e+02 5.962452574499593538e+00
-7.425552525401900539e+01 4.546733898079919811e+01 -2.007862184577180642e+02 5.387075525329738213e+00 2.835521601046269780e+02 5.936163431427559090e+00
-8.047562572404569892e+01 1.348400345979647170e+02 -9.101660171804698507e+01 4.515464195126782876e+00 2.539233102730034943e+02 5.914215039388352579e+00
-8.494414225966379206e+01 -1.892799372626222123e+02 -6.215653246201360815e+01 4.146618993706749023e+00 2.110110423650857285e+02 6.920687950381292808e+00
-7.180122853595277377e+01 -1.698332628176677304e+02 -3.488031594218191600e+01 3.507488140040369462e+00 2.308262550057943372e+02 6.235698529251592959e+00
-3.513604981560029472e+01 -4.926984771618629466e+00 -3.389086847565532423e+01 5.493258472190157171e+00 3.277648966866342448e+02 5.318975631187299768e+00
-3.549441401552222430e+01 1.720920856845715718e+02 -8.518448843727588837e+01 6.047335203426818850e+00 2.517007101698364409e+02 6.146387299126985226e+00
-3.512075431993977759e+01 1.747047158191293761e+02 -8.346108415473382536e+01 6.115386669271217990e+00 2.558262056553237471e+02 6.462155311625053855e+00
-3.240279590925832309e+01 1.610817340750255084e+02 -8.921422592245885141e+01 5.946065784316965086e+00 2.456094460724179953e+02 6.007628370789234395e+00
-2.179098282273253062e+01 1.258962356745758342e+02 -1.469014750265176872e+02 4.472777333160433244e+00 2.410274828728043701e+02 5.236049815909638028e+00
-1.890636320443031693e+01 1.092280282301205716e+02 -2.262220477981214231e+02 4.258353554939442454e+00 2.180262541530262865e+02 4.846918593598914526e+00
-3.142872181502229623e+01 1.658023730005202481e+02 -9.676449434615169309e+01 6.142605283545684358e+00 2.340319422642986069e+02 5.937604964684908282e+00
-3.205818219277087877e+01 2.291542702709280661e+02 -6.520317815791582916e+01 5.333711439065236704e+00 2.181061897333498507e+02 6.149387202940218344e+00
1.302468308104304384e+01 -3.643868648031706670e+01 2.782238450933439822e+01 4.289038781305596792e+00 2.841593742954822801e+02 5.272889602718151991e+00
-3.192099893882222261e+01 2.509394316090653945e+02 -4.117577428806511364e+01 6.985314360942067147e+00 2.294439964348598835e+02 7.606072457292953004e+00
2.481152305989924756e+01 5.668005255709357471e+01 -1.595256843707843757e+02 4.051744784039126301e+00 2.171659446137906855e+02 4.821974124025388164e+00
-1.412302783284183505e+01 2.120507914999055288e+02 -5.413321612167748498e+01 6.235372240100006458e+00 2.206329304523692372e+02 6.852160587213049325e+00
-9.998601045613165539e+00 2.114900271205996773e+02 -7.866372480448899296e+01 6.417252388345580094e+00 1.784607800050195863e+02 7.495960466222342689e+00
5.046929561872433112e+01 6.295443668084594435e+01 -5.793678823139518386e+01 4.429266489590008682e+00 1.806851128344557367e+02 6.474006602743045846e+00
-9.998601045613167315e+00 2.114900271205996489e+02 -7.866372480448899296e+01 6.417252388345580094e+00 1.784607800050195863e+02 7.495960466222356899e+00
3.903520947523229978e+01 -8.736964014747636043e+01 8.078969085428417074e+00 4.650979290853687331e+00 2.236820231936397647e+02 4.693133077605907033e+00
5.265775944654023988e+01 4.179220612388875367e+01 1.410369623094969249e+01 3.223906709572007756e+00 2.197367743460343092e+02 4.670391740501926847e+00
1.918984611111535088e+01 1.588091355923783681e+02 -7.616416377915598446e+01 5.247450230804948212e+00 1.754958973879446376e+02 7.169446313476115051e+00
-6.010648086807777446e+01 2.216811809966351063e+02 -9.466990476014568401e+01 5.178993070326614934e+00 2.183566978592596399e+02 6.548657425844524482e+00
-4.827604226011290933e+01 2.318569313186259535e+02 -5.566561319924838358e+01 5.178993070326614934e+00 1.988190823336633457e+02 6.851740587154338868e+00
-8.061600296508350993e+01 1.852571924043416232e+02 -7.333700843205814124e+01 4.238898469173055794e+00 2.206049863443707295e+02 5.596954087066052352e+00
-4.553570547167252869e+01 2.381925198357489819e+02 -5.188568271158905532e+01 5.189038242680383384e+00 1.893149426220762166e+02 6.788385553596825162e+00
-5.995359132899399413e+01 1.964117938701754156e+02 -7.712841037409867795e+01 5.045182460988145046e+00 2.250780975572700982e+02 5.915296329512003126e+00
-4.425206058255940889e+01 2.313124525746496829e+02 -4.736185488346362149e+01 5.119194790446772281e+00 1.892044595140399963e+02 6.768657952420539914e+00
-4.277942616095864281e+01 2.386868740076051836e+02 -5.218331950030552235e+01 5.194468400908568206e+00 1.890475799898004539e+02 6.803908587471610758e+00
-3.245409151584517105e+01 2.328877040086540262e+02 -6.886355968023701735e+01 5.484225484459277489e+00 2.278186998470494586e+02 7.023803099126581628e+00
-1.462419133764370827e+01 2.661573365894003018e+02 -6.488285447381197457e+01 7.387767644612819318e+00 1.827469288387632673e+02 7.946281225681318006e+00
-2.096703087902503455e+02 -1.324859502345032070e+02 1.120056527610401531e+02 3.296305111963438783e+00 2.340629135510365302e+02 4.417902527032197213e+00
-2.226081262413872253e+02 -9.788424247828451996e+01 1.378231215570063455e+02 3.197484909463840008e+00 2.048454234294728167e+02 3.630706429140502678e+00
-1.207269159632859612e+02 -1.366362386833322375e+02 8.070640950400900238e+01 3.812290902617569088e+00 2.040395733675210295e+02 4.917332690196815292e+00
-1.070295398082135137e+02 -1.828582083496258690e+02 3.168998273339564875e+01 4.068377194912577544e+00 1.853223880161271779e+02 7.314878129223345127e+00
-1.010893762168447694e+02 -1.460653767789219444e+02 -1.180085426410012239e+01 3.618062036324695363e+00 2.220084401548733979e+02 6.527613376313183835e+00
-6.776123637752668571e+01 -3.632569578908145758e+01 -9.159250695809710408e+01 4.826364912384708994e+00 2.916784359530200277e+02 5.478450770401366299e+00
-5.793522359748313733e+01 -9.240356824882255182e+01 -5.062616052251228638e+01 3.436229488769909857e+00 2.916118138896296728e+02 4.585540617870719871e+00
-8.191455515093906570e+01 -1.927066079570226975e+02 -7.798974403987404003e+01 4.031056727305677434e+00 2.307536781938697459e+02 6.782697984702778626e+00
-6.904486719617726465e+01 -1.322587213782326785e+02 -8.954503083642404704e+01 4.314570612647851355e+00 2.797316750030286130e+02 6.475125663281062316e+00
5.709959808511659851e+00 -3.498261582445552165e+01 8.882476941027486816e+01 3.800078286962243812e+00 2.977476238360266052e+02 5.093171149786002161e+00
2.099452384171535968e+01 6.336360006566300029e+01 -1.717257537314939952e+02 4.283133642651890227e+00 2.243443558460965619e+02 4.854378892060978501e+00
1.260416352604568857e+01 -6.139733427149268863e+01 -1.045110085385386967e+01 3.255803979814068327e+00 2.623597911266130041e+02 4.287930413934304852e+00
2.942644311445997474e+01 3.027275735780568766e+01 -2.630952371944906432e+01 4.543295459658682311e+00 2.567727399861597632e+02 4.075442900297048254e+00
3.047973967290800701e+01 3.492558369942262431e+01 -4.992318292981719452e+01 4.086191537133490925e+00 2.624218502716570924e+02 4.510655683140669225e+00
1.760321411294313876e+01 1.099006522117453102e+02 -9.632993456352633643e+01 5.092201278417706867e+00 1.860224717608063543e+02 7.197433904201787414e+00
4.090599464104283101e+01 4.759398228288128507e+01 4.193784747611232433e+01 3.329535423327978361e+00 2.168405577838241811e+02 4.923843143595348693e+00
4.341048724095414002e+01 -3.749624554496016771e+01 5.596521701001987736e+01 3.937272666474405547e+00 2.594351364021458153e+02 4.815689768843213869e+00
4.605279225036168356e+01 1.369115880389192696e+01 1.255583849485140746e+02 3.428984434234953582e+00 2.152021084933881241e+02 5.368219783902418385e+00
5.054745997757033393e+01 2.034067940814267317e+01 8.044939699795374111e+01 3.517882353632332038e+00 2.191395673994087190e+02 5.315210424854825533e+00
1.975541566495497392e+01 1.556886636742293604e+02 -7.755200659139988772e+01 5.238754104193104943e+00 1.739689914898629297e+02 6.937160437229209720e+00
1.975541566495497392e+01 1.556886636742293604e+02 -7.755200659139987351e+01 5.238754104193104943e+00 1.739689914898629297e+02 6.937160437229209720e+00
6.791508339612568079e+01 1.247887610375685519e+01 6.438078232805463585e+01 3.597963285072526496e+00 1.654248696538703598e+02 4.373797580948902919e+00
7.639934158023966404e+01 2.152939629822468603e+01 4.771236399266645378e+01 4.122297138373062886e+00 1.746290640185647760e+02 4.897516417156992929e+00
1.006234911358231017e+02 -7.826279837105261983e+00 5.081824696730138413e+01 5.644668565767800850e+00 1.719812489779045563e+02 5.555333914463872702e+00
9.724383098662838165e+01 7.855623099905820084e+01 -4.703646220591804195e+01 6.557669454891463801e+00 1.965223905818367598e+02 7.111058528576251092e+00
-2.335385941399791250e+02 -2.384992140793126509e+02 -9.063644822849794025e+01 4.463994515983854328e+00 2.448780512826741642e+02 5.416791590418156943e+00
-1.717045358922419211e+02 -3.264592522268163748e+02 -2.006774939143128620e+02 4.284123069552490115e+00 2.113526437024150653e+02 5.026930133546741786e+00
9.471697385056756957e+01 2.199347210256343885e+02 -6.841290588736247003e+01 1.105009464600714431e+01 1.789037380828025050e+02 7.799156017463815260e+00
-1.845372379128093314e+02 -2.205619273864907086e+02 -3.698021686597697055e+01 3.585761842497320107e+00 2.605805585610714843e+02 4.580721586959867864e+00
1.256375308646348401e+02 1.832184014726645671e+02 -4.790562932823220166e+01 1.169210114953822099e+01 1.886224999834325047e+02 8.166308527210219381e+00
-9.182902105954289596e+01 -1.289711997749752186e+02 -8.621811301501894320e+01 3.429854418395112958e+00 2.804640975240859575e+02 5.818635933373627722e+00
2.250919844116753943e+00 3.228863964641470119e+01 -1.952711949920170014e+02 5.959286681614894832e+00 2.881215845784553267e+02 5.899825457566123532e+00
1.924065586974027298e+01 -3.649538001855192704e+01 6.347415099219976042e+00 4.175928189577533090e+00 2.591716805517145872e+02 4.989696133996943672e+00
3.201479758175698720e+01 -3.835745654591683973e+01 5.372448441572171163e+01 4.069005563672234871e+00 2.562338531498131147e+02 4.803394952691320441e+00
4.190422703610848743e+01 4.646990748691190731e+01 3.555022985194332108e+01 3.219349422147793849e+00 2.187259186744908845e+02 4.839653920945806931e+00
2.635548335611436954e+01 -6.637181738791711894e+01 1.656236917593278335e+01 3.312499494661178101e+00 2.654735203367748682e+02 4.146244163779385872e+00
4.876595021466098245e+01 3.425167616882131227e+01 2.227458175308537136e+01 3.356150113530636414e+00 2.208268326087208209e+02 4.712775328994695201e+00
6.080689032118949200e+01 -1.015480550000764026e+02 8.775229896068083235e+01 4.445804376873027763e+00 2.050000975609523834e+02 4.510768429747940900e+00
6.635539308304018391e+01 5.946336491899838705e+00 8.018353711478539481e+01 3.293321079877548740e+00 1.749178664402238894e+02 3.574384856293463031e+00
9.903686876304439579e+01 -5.673968173124608683e+01 8.253304664343762909e+01 5.288635669439806897e+00 1.647626398793124451e+02 4.966318837817311760e+00
1.246919730285901267e+02 -6.974749914082003954e+01 1.432158098314550898e+02 7.142530517738316043e+00 1.771914995139439668e+02 6.481337388144098099e+00
7.231883417525912705e+01 -3.948350544045454740e+02 -1.203863333795364809e+02 3.774839618272806785e+00 2.699578254098221350e+02 3.962630758518173479e+00
3.234987464798069112e+01 -4.117049725759940770e+02 -1.173945133299929324e+02 3.262137652237672825e+00 2.721292477849449938e+02 3.876935338515067997e+00
-2.168267862230338849e+00 -4.218938173373944096e+02 -1.586781986540630101e+02 3.301406236893893897e+00 2.530674761797730525e+02 3.790127721406861383e+00
5.684604150025487002e+01 -1.432004981353088056e+02 4.073820349399001373e+01 4.001618935569962510e+00 2.117353064559616485e+02 4.603437447362821899e+00
-7.724726734815109630e+00 -2.267760200707639910e+02 -7.382312574755670198e+01 4.054812520214970739e+00 1.878431460021898260e+02 5.227415269083621752e+00
1.259697640632943028e+01 -4.276488754115812867e+02 -1.576424226833792090e+02 3.313844687612976347e+00 2.607280383848273573e+02 3.981533394934757553e+00
3.814699313733087394e+01 -4.029870628962004275e+02 -1.644890620800686918e+02 3.597116024595849115e+00 2.671513428751575816e+02 4.055109549088570020e+00
3.468960147578127362e+01 -3.223512263330194401e+02 -7.635920695957916848e+01 3.978204586557990474e+00 2.663030745222442874e+02 4.085256274722325998e+00
1.274890577111292878e+01 -4.335883264745023098e+02 -1.613907035399028587e+02 3.368519381776676536e+00 2.622000143020591167e+02 4.131874722291996704e+00
8.477501189231758660e-01 -4.419685711119402640e+02 -1.964886825854656820e+02 3.236045803535887444e+00 2.844670279663356496e+02 3.970572827016809470e+00
-9.905326862064889326e+01 -1.426901198885920223e+02 1.464574780031910173e+01 3.535823099623413235e+00 2.430702521905961362e+02 6.158107378523865805e+00
5.056079836926326010e+00 3.399687186376073100e+01 -1.723133393179674613e+02 5.950559625269988828e+00 2.754380647259924331e+02 5.474883359704790564e+00
-9.905326862064889326e+01 -1.426901198885920223e+02 1.464574780031910173e+01 3.535823099623413235e+00 2.430702521905961362e+02 6.158107378523865805e+00
-3.703585549858041948e-02 -7.040778481893562457e+01 4.242708819794397357e+01 2.969288308801826037e+00 2.844873415461573813e+02 4.203971321288946683e+00
1.316021769513238482e+01 3.036242731954677865e+01 -7.507337414837822109e+01 4.972477920818092478e+00 2.926061303185563816e+02 5.085051530903257344e+00
-3.237993165916221017e+01 -7.669827041270944790e+01 -5.517344808552215873e+00 3.178068236563670990e+00 3.147627836959128445e+02 4.561597734797658177e+00
-1.605623401858423165e+02 -9.328204491073519122e+00 8.083076104474898216e+00 5.963233568220291936e+00 2.331243016075329706e+02 5.384689561205661334e+00
-7.355455619515005594e+01 4.298841168468439378e+01 -1.993710825770345423e+02 5.407178077074387801e+00 2.818520888693216762e+02 5.890286400842597914e+00
2.380466375214344765e+01 3.925808034194675145e+01 -7.801148951512074348e+01 3.847372715902106055e+00 2.692067235415935897e+02 4.209090390383607883e+00
5.740232015899784557e+01 1.863881687985460545e+01 5.732218887986427092e+01 3.531712908113387339e+00 2.246273525196786807e+02 4.965080874605092731e+00
-3.703585549858041948e-02 -7.040778481893561036e+01 4.242708819794397357e+01 2.969288308801826037e+00 2.844873415461573813e+02 4.203971321288946683e+00
-2.426938084994665701e+01 -5.313214289625579312e+01 7.233833368310193634e+01 4.909309177776023603e+00 2.739888455758737678e+02 5.742748264315650886e+00
3.243891180492050808e+01 -6.166887366293150041e-01 1.242021530377764549e+02 4.443752316033099170e+00 2.323558639242831418e+02 5.118389086767393792e+00
1.667355770236195553e+02 4.987748150263612956e+01 -3.991445966664839773e+01 9.331274827256427429e+00 1.827218925033341463e+02 6.942537918529055219e+00
-1.378788068625472363e+01 -8.979018210864788330e+01 -8.288214716725539688e+01 2.877947434851845010e+00 2.786011665445785752e+02 4.249344888612256455e+00
5.525057479945679972e+00 1.244100955204276815e+01 -1.205341209636751074e+02 7.598899812266074250e+00 2.947921131916523905e+02 5.658214824477539651e+00
3.320148207151176223e+01 -2.977400868987939209e+00 1.229901328175493660e+02 3.657565360905705276e+00 2.495017985907115587e+02 4.873199062164147222e+00
-2.453890611832642890e+02 -6.336627714109619092e+01 1.670837149603127330e+02 3.419995649896851120e+00 1.959740990539310985e+02 3.941467091299827530e+00
-4.860998850723542120e+01 -8.811020714755390770e+01 -9.357373888225787084e+01 3.091033251364942114e+00 2.925805188319960735e+02 4.539827105226237336e+00
-2.310428646978344247e+01 -8.186696594343705158e+01 -7.431649468486245524e+00 2.734576408067598496e+00 3.043216226297434446e+02 4.131852860386345583e+00
-2.453890611832642321e+02 -6.336627714109619092e+01 1.670837149603127330e+02 3.419995649896851120e+00 1.959740990539310985e+02 3.941467091299827530e+00
-2.217082824191263057e+02 -1.044313484679659467e+02 1.157255788782340034e+02 3.516328348248844105e+00 2.375235304133045418e+02 4.505414123451657815e+00
-6.023600154724620381e+01 -1.044952947330948376e+02 -1.513734563638610098e+02 4.049852419143364912e+00 2.885323898629060295e+02 6.494084568818522030e+00
