-1.017950731323054647e+01 8.636310766727744337e+00 2.385254300416965023e+01 2.582575885101678903e+00 1.084662505113917774e+02 6.401203923408580465e+00
-1.017950731323054647e+01 8.636310766727744337e+00 2.385254300416965023e+01 2.582575885101678903e+00 1.084662505113917916e+02 6.401203923408573360e+00
-1.535077979825664940e+01 5.955497891690836987e+00 1.892726545554779705e+01 2.752252329213110027e+00 1.089937612893508714e+02 6.582759989499869846e+00
-1.017950731323054825e+01 8.636310766727744337e+00 2.385254300416964668e+01 2.582575885101678459e+00 1.084662505113917916e+02 6.401203923408573360e+00
1.454163604888862871e+01 2.334797628260821156e+01 5.724081896169496986e+01 2.126284870813406336e+00 9.721804102120141522e+01 5.968968413506786419e+00
-1.028766745722563591e+01 6.535167277422705645e+00 2.255304312296249591e+01 2.579604340027949139e+00 1.083325782024964070e+02 6.396612084213515459e+00
-1.017950731323054647e+01 8.636310766727744337e+00 2.385254300416964668e+01 2.582575885101678459e+00 1.084662505113917916e+02 6.401203923408573360e+00
1.493967657670447480e+01 2.235514300026312640e+01 5.705706594816788879e+01 2.126284870813406780e+00 9.701216418573497435e+01 5.970770789801861156e+00
-7.256125771172009742e+00 9.841482593327560480e+00 2.815994903058734167e+01 2.530930879230586239e+00 9.856382449966112347e+01 6.226527423790237492e+00
-1.028766745722563591e+01 6.535167277422704757e+00 2.255304312296249591e+01 2.579604340027949139e+00 1.083325782024964070e+02 6.396612084213515459e+00
-7.695222283249964157e+00 8.772421477784986266e+00 2.531634471010534426e+01 2.524641906892043153e+00 1.081759099799950832e+02 6.268543210279119648e+00
4.281222730461310988e+01 2.718222486865473542e+01 7.976582534379868150e+01 2.678993269197882388e+00 9.345387899921543351e+01 6.092943120481471908e+00
4.281222730461310988e+01 2.718222486865473542e+01 7.976582534379869571e+01 2.678993269197882832e+00 9.345387899921543351e+01 6.092943120481471908e+00
4.281222730461310277e+01 2.718222486865473542e+01 7.976582534379868150e+01 2.678993269197882388e+00 9.345387899921543351e+01 6.092943120481471908e+00
1.991282374541340516e+01 1.581887165952731067e+01 7.082111272695014748e+01 2.253660017389669701e+00 9.697549948311686308e+01 6.147289381700190347e+00
3.087759951293400462e+01 2.519785144707317670e+01 7.669756442912517969e+01 2.304762485390929427e+00 8.105829692264697428e+01 5.341178276121929969e+00
3.863714905444052761e+01 2.028329128563826345e+01 7.902068531474876067e+01 2.430817782135382910e+00 8.091506349252900065e+01 5.348881560171093952e+00
-8.320524541688206099e+00 5.427378804785976563e+00 2.207397395169889975e+01 2.601612290655410664e+00 1.084197399000753705e+02 6.412196989320300133e+00
4.281222730461311698e+01 2.718222486865473897e+01 7.976582534379868150e+01 2.678993269197882832e+00 9.345387899921543351e+01 6.092943120481471908e+00
-1.017950731323054647e+01 8.636310766727744337e+00 2.385254300416964668e+01 2.582575885101678459e+00 1.084662505113917916e+02 6.401203923408573360e+00
-1.017950731323054647e+01 8.636310766727740784e+00 2.385254300416964313e+01 2.582575885101678015e+00 1.084662505113917916e+02 6.401203923408573360e+00
-1.017950731323054470e+01 8.636310766727742561e+00 2.385254300416965023e+01 2.582575885101678459e+00 1.084662505113917916e+02 6.401203923408573360e+00
2.692915198897703277e+01 2.537284402925003945e+01 7.744903583621672283e+01 2.380104908431916133e+00 9.311986898616213182e+01 6.026773665920480028e+00
1.153874858509175283e+01 1.644378189899870790e+01 5.599277341698125809e+01 2.008200731250351811e+00 9.622551636650229057e+01 5.934535921079366005e+00
-7.256125771172010630e+00 9.841482593327562256e+00 2.815994903058734522e+01 2.530930879230586239e+00 9.856382449966112347e+01 6.226527423790244598e+00
1.454163604888863226e+01 2.334797628260821512e+01 5.724081896169497696e+01 2.126284870813406780e+00 9.721804102120141522e+01 5.968968413506786419e+00
