-7.407950702885402450e+01 -1.263675837976392202e+01 1.202360732718899783e+02 6.120982652139819180e+00 2.962281679719199019e+02 9.162392322482332929e+00
-7.868688407718923372e+01 -2.325824474471798098e+01 1.224921349144031240e+02 5.743226981238349182e+00 2.785216149601319557e+02 8.802715627416517918e+00
-1.250011874716712583e+02 -1.644946164747253192e+01 9.764723739678714765e+01 6.239252909666918256e+00 2.879941796286862541e+02 8.975938854112030185e+00
-9.313201925117424196e+01 -9.421247835524170000e+00 1.144072406251459739e+02 5.777665005749548222e+00 2.922376558556409236e+02 9.033377583412942613e+00
-8.197765668506006875e+01 -1.848322611701145490e+01 1.109172288041376930e+02 5.889247507088741784e+00 2.922045986975564347e+02 9.019838014010844063e+00
-5.986229736565872983e+00 -1.228896243936050503e+01 4.213858119759650833e+01 7.171652475300032137e+00 3.274576117606674188e+02 8.460281680405756788e+00
-1.216185140169785797e+02 -9.577224071262946836e+00 8.656907217364924634e+01 6.098003670793733733e+00 2.896726773446194443e+02 8.775835324414913430e+00
-5.942708096697411690e+01 -1.695055526160073782e+02 1.007457117552817039e+02 6.803866056073904822e+00 2.769535114419024922e+02 8.916375055214871281e+00
-1.216185140169785512e+02 -9.577224071262945060e+00 8.656907217364923213e+01 6.098003670793732844e+00 2.896726773446194443e+02 8.775835324414913430e+00
-1.167678860564835901e+02 -1.311409687672687419e+01 9.528734783288948051e+01 6.042882734237909226e+00 2.887888675139677161e+02 8.999004417535189759e+00
5.621822711238907999e+01 -5.971404595995910114e+01 1.156470935436168332e+02 8.158816852900111272e+00 3.149700144458199134e+02 8.657647971353725325e+00
-1.441884190152805161e+02 -3.536913279548694788e+01 8.391781767669583303e+01 5.835640034548436716e+00 2.891372468223352143e+02 8.290239187636245788e+00
-1.240067177765361919e+02 -4.958214093344869866e+01 1.332802138427362593e+02 5.917030577642522715e+00 2.664089478602398913e+02 8.754287687470963419e+00
8.390066276539280921e+01 -2.147215012341669649e+01 1.225291071413090833e+02 8.649686228622552875e+00 3.410896656306080104e+02 9.088298524657886901e+00
2.519214152848568489e+01 -6.520636171656914826e+01 9.995633499883308559e+01 7.885307423209677147e+00 3.141383294028285036e+02 8.529693612886916299e+00
3.106478417385828195e+01 -4.548771511442389226e+01 1.046858790417901872e+02 7.968246918228518716e+00 3.129472958822299802e+02 8.520518622433542077e+00
7.605728645781505293e+01 -3.449557683496708904e+01 1.117468041895596826e+02 8.677186230041764148e+00 3.360088689305685534e+02 9.021474655386526820e+00
7.031129373498360735e+01 -4.088961097874820894e+01 1.120754487220193027e+02 8.421281503750613240e+00 3.228872868355147716e+02 8.704914833554255438e+00
-1.415193237433668401e+02 -1.090819875929925900e+02 4.796446398093640795e+01 5.339039728089687742e+00 2.139242622985995013e+02 5.513518993297779502e+00
7.605728645781505293e+01 -3.449557683496708904e+01 1.117468041895596826e+02 8.677186230041764148e+00 3.360088689305685534e+02 9.021474655386498398e+00
-4.551492856695257672e+01 -1.851621190147077982e+02 1.051134870916409767e+02 7.393359336927984415e+00 2.866607053643732002e+02 9.003677905203829823e+00
-7.964640637239139664e+01 -4.392120172803215894e+01 1.523727945085987017e+02 6.054786305315081663e+00 2.805638073593955255e+02 9.264433202888568530e+00
-1.422067287540529321e+02 -9.893801900663608251e+01 6.606622035428685535e+01 5.357850784044393855e+00 2.636765584954414976e+02 5.482920408413917812e+00
-9.337697599625631284e+00 -5.791664803951058360e+01 1.339160616196709555e+02 7.324700493605913465e+00 2.829579253175284634e+02 8.958823485541927312e+00
-1.441884190152805445e+02 -3.536913279548694788e+01 8.391781767669581882e+01 5.835640034548436716e+00 2.891372468223352143e+02 8.290239187636274210e+00
-7.407950702885402450e+01 -1.263675837976392202e+01 1.202360732718899783e+02 6.120982652139819180e+00 2.962281679719199019e+02 9.162392322482332929e+00
-7.868688407718923372e+01 -2.325824474471798098e+01 1.224921349144031240e+02 5.743226981238349182e+00 2.785216149601319557e+02 8.802715627416517918e+00
7.028097712156751697e+01 -3.671504424702872882e+01 1.113879971706927137e+02 8.421281503750613240e+00 3.232527803438046021e+02 8.710076490407004712e+00
-1.524957140168677938e+02 -3.857715436322420999e+01 6.549044778038349079e+01 5.882256584200127314e+00 2.495173090188334015e+02 8.777801187145811923e+00
7.605728645781505293e+01 -3.449557683496710325e+01 1.117468041895596969e+02 8.677186230041765924e+00 3.360088689305686103e+02 9.021474655386498398e+00
-1.404954580857257156e+02 -9.052603128270750688e+01 4.845029278739741585e+01 5.097227827136268985e+00 2.047245161186124562e+02 5.360058570071927875e+00
-7.868688407718924793e+01 -2.325824474471798808e+01 1.224921349144031240e+02 5.743226981238349182e+00 2.785216149601319557e+02 8.802715627416517918e+00
7.605728645781505293e+01 -3.449557683496710325e+01 1.117468041895596969e+02 8.677186230041765924e+00 3.360088689305686103e+02 9.021474655386498398e+00
-7.868688407718924793e+01 -2.325824474471798808e+01 1.224921349144030955e+02 5.743226981238349182e+00 2.785216149601319557e+02 8.802715627416517918e+00
6.698033249209370865e+01 -2.734587440943742465e+01 1.290481052666044945e+02 8.588075503201514138e+00 3.352747530011766344e+02 9.004952797912494589e+00
-6.076739272813478721e+01 1.383441338824372036e+00 1.134601468899826102e+02 6.074093404744166591e+00 3.048193891470816084e+02 8.917556301815039888e+00
3.816677551699713433e+01 2.052154284504055237e+00 6.497612151658830726e+01 7.804174149705464636e+00 3.404213712445210263e+02 8.764555333017995054e+00
4.719981745313582167e+01 2.924805467494508537e+00 8.845888553175873881e+01 8.342185269811825066e+00 3.332020258041658280e+02 8.983715576791354351e+00
3.288133384591790076e+01 -2.999884227770816025e+01 1.160211754955321766e+02 7.842581891373409775e+00 3.128917184905985778e+02 8.482829890338962286e+00
-7.868688407718924793e+01 -2.325824474471798808e+01 1.224921349144031240e+02 5.743226981238349182e+00 2.785216149601319557e+02 8.802715627416517918e+00
-7.326370803600210024e+01 -1.643176344805322344e+02 7.396309431815602409e+01 6.724461180323982212e+00 2.877452866686090829e+02 8.796983638449916043e+00
