-7.298208993337840411e+01 5.219732781240063701e+01 1.530008030405836195e+01 2.012705121460009572e+00 1.005134195020744556e+02 2.987210089635659926e+00
-4.739212532582618209e+00 -1.217452707331731077e+01 2.318540180442504095e+01 2.370363036291820880e+00 1.050773405639864819e+02 3.693543572700406230e+00
1.858877224897963742e+01 -8.008942253585443538e+00 2.716796926957133262e+00 2.620973753059164135e+00 1.025672827952461574e+02 3.681029073507737337e+00
-1.762090312946182280e+01 -7.759097606819903348e+00 4.614365681368500560e+01 2.481713297107805083e+00 1.050480842281286016e+02 4.070894717776056382e+00
-1.046639173828756242e+02 -9.330563318820911434e+01 7.620288451490111470e+01 3.033862733611194962e+00 6.764634136448178481e+01 6.637180280151909528e+00
-2.702041818732855205e+00 2.455826697680828019e+01 -1.996861482948098399e+01 2.363531719732145042e+00 1.235323742992095220e+02 3.598482206248334592e+00
-2.702041818732855205e+00 2.455826697680828019e+01 -1.996861482948098399e+01 2.363531719732145042e+00 1.235323742992095077e+02 3.598482206248341697e+00
-1.951671012282940509e+01 5.994760147773466663e+00 1.974175016187393794e+01 2.245932851281558396e+00 1.265082111959536064e+02 3.633724946898851726e+00
1.600559885202987687e+01 1.484750615257286732e+01 -1.409766023940592028e+01 2.191180615963769451e+00 1.071031628851361148e+02 3.427493664000664353e+00
-3.157636858972944438e+00 2.699539925350789815e+01 -1.735073675063269505e+01 2.350500341930602755e+00 1.174840414694693749e+02 3.509706148942996151e+00
1.703116427973588642e+01 1.744281215541182561e+01 -1.242901797868636216e+01 2.267328140125121294e+00 1.032198018792905856e+02 3.430743133621142249e+00
-5.001726112345131092e+00 4.433741835652614327e+01 -3.396905040520977082e+01 2.425503866412413334e+00 9.875367081784858669e+01 3.487046400870951857e+00
-3.379621142129774114e+01 -5.011485399951579822e+00 4.307426201727304260e+01 2.463320029499820762e+00 9.514435085700043260e+01 4.318816082551101942e+00
1.750433312939065544e+01 -4.183869820949143303e+01 5.333966608584073121e+00 2.634802868089705097e+00 1.079185340893768768e+02 3.942999750317092378e+00
1.708437380098948211e+01 4.408540021111396356e+01 -2.229812513612070290e+01 2.327172770687198522e+00 9.978300205946902679e+01 3.450432521646987993e+00
-4.890543186016439847e+01 2.422352958956280222e+00 1.795615893290602827e+01 2.504446193490101003e+00 1.004786544495894418e+02 3.624453509572603593e+00
-5.654151211206875161e+01 -1.207576865135046695e+01 4.649286177717836210e+01 2.678634231911708241e+00 8.548770379417148035e+01 4.401528311371585289e+00
4.756534347928879924e+01 -1.144627741937619803e+01 9.354360761692678494e+00 2.387283746924955263e+00 9.045621869169636398e+01 3.877459330219501510e+00
-4.073674083275157898e+01 5.430182662429243834e+01 -5.092605656849112705e+01 2.515079949098791179e+00 7.524965116198214332e+01 3.799774598129552317e+00
-5.399336543699358515e+01 3.017991502688005312e+01 -1.346007753906480087e+00 2.250220589040123453e+00 9.624557132668495285e+01 3.485177627219570695e+00
-3.939677342202427468e+01 5.634568588445267778e+01 -5.300328262368277166e+01 2.545704875543961965e+00 7.396247359303229985e+01 3.840050542322146043e+00
5.381017472233509835e+01 1.510009284396591767e+01 -1.523624877700576974e+00 2.168146254667130624e+00 8.765071306041954813e+01 3.736307391482455387e+00
5.762875147110706564e+01 -2.225848427384880779e+01 -7.209791808986404149e+00 2.195746875167649659e+00 9.810161823334007636e+01 3.639293132234357131e+00
-6.074857172396541216e+01 3.635094664114018315e+01 6.739634055969651705e+00 2.353998876145698027e+00 9.366482797720817643e+01 3.527906453188187186e+00
5.967907055236263858e+01 -1.429852764712185298e+01 -3.857569257611395686e-01 2.387283746924955263e+00 9.567856342985089668e+01 3.778175361145237332e+00
4.668144591562483470e+01 -4.368209000808692366e+01 3.132461079227349288e+00 2.240359054381427129e+00 1.058703334272637449e+02 3.636353285392374346e+00
5.773893572877887692e+01 -3.324110457704011878e+01 -3.217356583476582266e+00 2.240359054381427129e+00 1.043228043143012940e+02 3.588143805126030372e+00
6.373782593522071949e+01 -1.133459551112698271e+01 -8.181730411812946357e+00 2.387283746924955263e+00 9.155113325349937270e+01 3.748947505142616876e+00
6.352828767835782742e+01 -8.402950211850411577e+00 -6.730470962286101866e+00 2.368739666483142603e+00 9.093871562761374605e+01 3.679771120488595670e+00
9.228123257265947288e+00 -7.421820291392894831e+01 1.760661564256804112e+01 2.806811930250981746e+00 1.115461787781186160e+02 4.184520636691381412e+00
-4.829804336694412115e+01 -5.263077126458489374e+01 5.282971101658407065e+01 2.688379736960619049e+00 8.577789633699349281e+01 5.158235671974068737e+00
-4.248423648990627299e+01 7.879288936417414391e+01 -5.331960438273127068e+01 2.332774268071594381e+00 7.326636336000306926e+01 3.444017261541276298e+00
6.073796967827895088e+01 -1.437974243208077318e+00 -1.046585801782411629e+01 2.203123747586114956e+00 9.194154392873767279e+01 3.631370126472369009e+00
-7.393002889267620503e+01 5.068199450108969017e+01 1.631353958667009607e+01 2.042483111200307455e+00 1.004433173486419690e+02 3.018481257876786117e+00
3.675530949420941340e+01 5.122817497790072139e+01 -4.134239142051927729e+01 2.721508048581936734e+00 6.251647782784950635e+01 3.916538981607150305e+00
6.382452285745252851e+01 -4.312738855894470191e+01 -1.326668838069172018e+01 2.374506234398999549e+00 1.057087862951798343e+02 3.711470012093236903e+00
-4.230242243294137694e+01 8.050956694002259439e+01 -5.517378862199106493e+01 2.328346943123711377e+00 7.545965809623046994e+01 3.476693493831930937e+00
4.238963348401592413e+01 -6.797369456753077088e+01 1.797061109622923123e-03 2.278806716214920147e+00 9.848319653626195702e+01 3.393436404603875189e+00
-7.547569014986028435e+01 -3.969868719943006141e+01 5.411567971487543360e+01 2.871094812357674275e+00 8.576087394610668468e+01 6.582048811629981344e+00
-8.549199486842127271e+00 -9.900233194310220597e+01 3.031254357703243585e+01 2.537511199012302487e+00 8.161305042699972034e+01 3.819868322164658991e+00
7.322829307262634302e+01 -3.096946188783165965e+01 -2.139434413436852722e+01 2.549944292254723965e+00 1.048219442674099611e+02 3.905455309803897990e+00
5.023002379432352882e+01 -7.318344640565238990e+01 6.532822164105501095e+00 2.446027428154662786e+00 1.045688648690421729e+02 3.501648938882439666e+00
3.357807416008324708e+01 9.330926340759000936e+01 -5.608094200973658161e+01 2.841514130247280612e+00 6.938045474051031647e+01 4.295956079782627057e+00
-2.474324649334930015e+01 -1.211849436714172015e+02 5.512506895605907431e+01 2.641169950282160173e+00 8.268228347112820131e+01 5.255122867942475295e+00
-4.220673641491084993e+01 9.973914116866332336e+01 -4.888055141601506648e+01 2.313101419238004386e+00 7.570262544984817055e+01 3.671903672652824469e+00
-6.246346451681081646e+01 -9.347426738489038200e+01 6.229551071065053947e+01 2.856629476744675600e+00 8.302281312988617401e+01 6.292385125674933022e+00
-9.487561208688433112e+01 -2.411149585569911213e+00 5.365021688071939820e+01 2.691048608100391704e+00 8.266111540500767774e+01 6.416032489885814982e+00
-9.089300579466097929e+00 1.074272867777612674e+02 -6.960864279860747672e+01 2.364452081737570044e+00 8.035234906335968219e+01 4.105953635335801266e+00
-1.212445131784422792e+01 -1.194699031927223416e+02 5.124259537252111585e+01 2.467506113737599982e+00 8.644065883598990752e+01 3.640128326248223800e+00
-8.566783581782404156e+01 6.738102721101088832e+01 2.345208264581350122e+01 1.989780375339253116e+00 1.170808588113360287e+02 3.184889548550437155e+00
-3.745491162457675927e+01 -1.244962321494734709e+02 4.628799179659751672e+01 2.837615365848725979e+00 6.837828602707149628e+01 6.827499950022350106e+00
4.660154633628087595e+01 8.834230656773824819e+01 -3.820876369354899538e+01 2.902875671042719041e+00 5.719527952549930916e+01 4.654606401983333086e+00
-8.555691727742106423e+01 -9.855921194576937694e+01 7.858918112394036370e+01 3.018404244866353281e+00 7.582049525029495385e+01 6.692162623627197604e+00
6.315693893329040520e+00 1.272607233415022137e+02 -4.701020229043978560e+01 2.760531626274409511e+00 6.640201427667686573e+01 4.452835627042098565e+00
1.418150554190917489e+01 -1.357610823618135782e+02 3.927047486829621192e+01 2.385300881141727558e+00 8.945360529347043155e+01 3.302225034449421059e+00
6.004782848422041752e+01 -7.188091904489374429e+01 -8.790687776961148003e+00 2.300614793277938386e+00 8.948184173339303982e+01 3.333916626528562688e+00
-3.452941435348277111e+01 -1.434749674430045729e+02 4.929009489300107560e+01 2.573987140592567169e+00 6.851530850839102982e+01 6.662664659517758992e+00
-4.351705040014392512e-01 1.343499777026932236e+02 -4.999021361677900188e+01 2.836491535726439750e+00 7.539622006440376367e+01 5.081821010285786144e+00
-6.801707240593246695e+01 1.483732293108385818e+02 -2.468030628164946094e+01 2.195465297082686451e+00 9.027037166202427443e+01 3.616961557590137488e+00
-1.082377253561969752e+02 -1.033017799463228670e+02 6.511846805626157675e+01 3.400698361214435028e+00 7.079576258505872488e+01 6.791357560524147630e+00
-7.353272764772496828e+01 1.428618758379794542e+02 -2.897057601969324381e+01 2.134723441229449570e+00 9.230843677584407203e+01 3.518208571106249849e+00
8.071377760267600010e+00 -1.481681991699592515e+02 4.093384748428508857e+01 2.304329993217447026e+00 8.667783742110782441e+01 3.328361047323554089e+00
-6.801707240593246695e+01 1.483732293108385534e+02 -2.468030628164946094e+01 2.195465297082686451e+00 9.027037166202428864e+01 3.616961557590130383e+00
-5.764982256822461437e+01 1.710762836321588907e+02 -4.448398971430653859e+01 2.575630857083305525e+00 8.242748328076018538e+01 4.758151946897783091e+00
-6.859110244911931886e+01 1.733335253052129019e+02 -1.584297458354018318e+01 2.575630857083305969e+00 9.981032010769227725e+01 4.353502848956757987e+00
-2.281111967090761183e+01 -1.711483957842646362e+02 5.632673175325589909e+01 2.614098118232128343e+00 6.842981806201153461e+01 5.771213561713821605e+00
-8.771881785538712961e+01 -1.481547686163877700e+02 7.527284624011468850e+01 3.038122875820802982e+00 6.387456457777226859e+01 6.356932352492794536e+00
-7.513036798077848744e+01 1.538344803610213773e+02 -2.331132732751170167e+01 2.183231683781107435e+00 9.660500763418012582e+01 3.745136619340861728e+00
-1.848691020062843293e+01 -1.697138001254110407e+02 6.006733155609261843e+01 2.548446265117373599e+00 7.577196051310801295e+01 4.877460612955083263e+00
8.179875171599377381e+01 -3.755022542256586604e+01 -3.147867186264177519e+01 2.485013235317351743e+00 9.209966069427183299e+01 3.518783714586646738e+00
6.328371183599351468e+00 -1.510329505754389459e+02 4.377315056198502674e+01 2.338978283632848321e+00 8.518327300591354856e+01 3.326299807378426010e+00
-5.996846116061034593e+01 -1.701235649156253658e+02 6.684717162027322956e+01 2.898306269867888751e+00 5.127611529747549213e+01 7.013856537110530809e+00
-5.328837998487470884e+01 1.917222477322050622e+02 -1.209851369596235315e+01 2.569452051845235285e+00 9.985594624257485918e+01 4.379576998378254871e+00
-5.184569709925465020e+01 -4.294748020521372922e+01 4.535450447332391377e+01 2.773997177226818156e+00 8.127016672801896391e+01 5.301904728376371168e+00
-8.065427429366933154e+01 -2.505819228864294956e+01 6.287778248304419293e+01 2.774364605655724514e+00 8.506672381137056504e+01 6.584353839247320650e+00
-5.654151211206874450e+01 -1.207576865135046340e+01 4.649286177717835500e+01 2.678634231911707797e+00 8.548770379417148035e+01 4.401528311371592395e+00
3.089211102614327942e+01 -6.389215187000406360e+00 4.881861866685032858e+00 2.255945480507244305e+00 9.027485807244451621e+01 3.431954324079931951e+00
-6.606664770340589143e+01 2.485791794237612251e+01 7.519178183903636459e+00 2.528621744155052031e+00 9.530587599933176080e+01 3.635334295275001182e+00
-1.090420001648852661e+02 1.506190785683060440e+01 6.488243221314934317e+01 2.787664753204396551e+00 9.444854419206258456e+01 6.045671352408753307e+00
-1.726558565711301085e+01 4.170975685364004448e+01 -2.604162058214871678e+01 2.155330378039368444e+00 9.151790808360951246e+01 3.124862298575216357e+00
4.967110975876612144e+01 1.924157133852527934e+01 -1.507980692763513275e+01 2.059314441630671233e+00 9.696875785530099279e+01 3.444051387543893838e+00
1.621914054005776595e+00 4.936303944624911821e+01 -3.364144410544201236e+01 2.252145698619468561e+00 9.414993361654589421e+01 3.305702847856075266e+00
-8.108750265199067542e+01 3.868301569751990598e+01 3.117004814486812236e+01 2.100036857865271944e+00 1.122746186811605327e+02 3.216602704035622651e+00
4.677264238200551372e-02 7.632995196068770838e+01 -5.079079610753808538e+01 2.516592444434117670e+00 6.608600456980282445e+01 4.042195233785200514e+00
4.148093443628698651e+01 9.375689263341396895e+01 -3.556782609922829153e+01 3.009028175898778912e+00 5.778935888206409288e+01 4.699395557395874334e+00
4.173257946674085161e+01 1.713339458778894198e+02 -5.949229900958354023e+01 3.867731135824743038e+00 7.995678520300825198e+01 5.409181413858270560e+00
4.660154633628087595e+01 8.834230656773823398e+01 -3.820876369354899538e+01 2.902875671042719041e+00 5.719527952549930916e+01 4.654606401983333086e+00
-7.234824516364433578e+01 -1.286311282282906063e+02 5.522895686563877149e+01 3.189557561917694350e+00 6.190579536683136297e+01 7.432027743110811713e+00
-8.790341759907595076e+01 -8.982577769927092959e+01 7.749078076774770807e+01 2.849873866866358352e+00 7.549190353938625719e+01 6.670430343216516178e+00
-8.790341759907593655e+01 -8.982577769927092959e+01 7.749078076774769386e+01 2.849873866866357908e+00 7.549190353938625719e+01 6.670430343216516178e+00
-5.781443781044045238e+01 -6.328754320385464638e+01 4.845060329811591515e+01 2.636000648579049255e+00 8.093985421286599546e+01 6.291007443680513234e+00
-8.436171290032760339e+01 -4.362030260758864841e+01 6.383020729224190148e+01 3.182520572356243083e+00 8.649882947184892146e+01 6.776578507588453704e+00
-5.061563291359204442e+01 -4.592735837033194457e+01 4.805479647126820453e+01 2.684522434100427901e+00 8.348892142074899425e+01 4.540222231177558854e+00
4.404603838578567832e+01 -2.327679859012111763e+01 1.486058426063810778e+00 2.124350902870642877e+00 9.259179229283769530e+01 3.528765167031139072e+00
-2.364679136009478810e+01 1.985573829180133254e+00 2.540883155590603337e+01 2.507350661598896746e+00 1.166164225141553743e+02 4.098814589376488016e+00
-8.797648139129518086e+01 2.661804456157232224e+01 3.969240216030818402e+01 2.296487086429060742e+00 1.111428247796500841e+02 3.741713265463097571e+00
1.147981811209471914e+01 2.384897957379142142e+01 -1.570142059291224612e+01 2.462854592999382586e+00 1.108303207610624952e+02 3.550168415295878788e+00
5.381017472233510546e+01 1.510009284396591944e+01 -1.523624877700579194e+00 2.168146254667131068e+00 8.765071306041954813e+01 3.736307391482455387e+00
-6.074857172396541216e+01 3.635094664114017604e+01 6.739634055969649928e+00 2.353998876145697583e+00 9.366482797720817643e+01 3.527906453188172975e+00
5.574820481429414798e+01 2.289055614495314828e+01 -7.421660221691724679e+00 2.211474575951919874e+00 6.317285809586265799e+01 3.849428497780753133e+00
9.140062010289144112e+00 5.002694509210673601e+01 -3.734210242254060574e+01 2.161561101173642196e+00 8.034992221527036804e+01 2.972250563572487181e+00
-4.284221499571270186e+01 6.503273052063427428e+01 -5.250272351098812607e+01 2.396969205820433046e+00 7.281009545385859383e+01 3.791842700067668659e+00
-1.062411630780201577e+01 8.642196833555615854e+01 -6.081139822292269770e+01 2.449396659270990373e+00 7.575544534883285053e+01 3.948375637522737236e+00
-6.837684087551132883e+00 1.055299514658037054e+02 -6.752814522215989257e+01 2.386219448802398446e+00 7.668565706832013973e+01 4.047581643143004726e+00
2.165784554819605034e+01 1.800668137682926044e+02 -5.298990186708925876e+01 3.333474848651257094e+00 7.937789364804284276e+01 5.103239994663823609e+00
