-1.627061776822625561e+01 -1.377383862245896928e+01 -1.100735341728922911e+01 8.305352951628602653e+00 1.205597777038428546e+02 8.830511957218732277e+00
-1.975258365177671038e+01 -3.079970729045946953e+01 2.477792268723302982e+01 7.476834747732644004e+00 1.085561951249213593e+02 7.776409727501750524e+00
-1.550060095716803232e+01 -3.481874192345249952e+01 2.567701298368105345e+00 7.572944664322169395e+00 1.101572852788230250e+02 9.270458947168549457e+00
1.186257682734298946e+01 -1.879537213876076152e+01 1.309348754010821203e+01 7.051662340999517831e+00 1.193220851309597208e+02 8.403168845510563756e+00
8.277016476163383984e+00 -2.201394704812784653e+01 1.253409191979571347e+01 7.340105094229739002e+00 1.223517368082692940e+02 8.814287153629337013e+00
4.383620111447983803e+00 -3.299227713121997141e+01 3.956735407299042384e-01 7.905546127458211281e+00 1.107250084669222332e+02 9.255101726524735284e+00
1.754752857910708741e+01 -1.660039153168850845e+01 5.241969018124771118e+00 7.767724447645241170e+00 1.150729659824582853e+02 9.007764506206719091e+00
1.421551729621079474e+01 -1.531124351250488580e+01 2.852191964615839126e+00 7.279817060166365650e+00 1.126187817373283480e+02 8.646454711237261392e+00
1.421551729621079652e+01 -1.531124351250488225e+01 2.852191964615842679e+00 7.279817060166365650e+00 1.126187817373283480e+02 8.646454711237247182e+00
5.111688429929715838e+00 -4.296476305584901922e+01 -5.429124342307773077e+00 7.319887538454976195e+00 1.079294213826795215e+02 8.430421330317187767e+00
3.613544751795853927e+01 -8.297783305139840593e+01 -1.406251558490189524e+01 6.226991081630113278e+00 1.141698186912811082e+02 6.325356976146807142e+00
6.204003128989233318e+01 -6.129457439569251420e+01 -1.496910948777044936e+01 7.393474992723001904e+00 1.084055349140439404e+02 7.376734002473462226e+00
6.204003128989234739e+01 -6.129457439569251420e+01 -1.496910948777044581e+01 7.393474992723001904e+00 1.084055349140439404e+02 7.376734002473455121e+00
-1.653603569644332083e+01 -3.053360813304250598e+01 1.561095911112239065e+01 7.236367529114649422e+00 1.128150145149128605e+02 7.747242177016474329e+00
-1.653603569644331728e+01 -3.053360813304250598e+01 1.561095911112239065e+01 7.236367529114649422e+00 1.128150145149128605e+02 7.747242177016460118e+00
-2.640073239504522551e+00 -2.453797655218171414e+01 1.467564727297477845e+01 7.252759561848047376e+00 1.187954018470412052e+02 8.571593614527969862e+00
-6.592440278000018417e+00 -2.991323035642662376e+01 2.019321890280051690e+01 7.895913179023771100e+00 1.168293092507184099e+02 9.142839407501426763e+00
7.508944572452019628e+00 -2.060749873143337396e+01 1.615998054641591608e+01 7.320526297285262274e+00 1.263634045125407397e+02 8.812650820898127790e+00
8.277016476163382208e+00 -2.201394704812783942e+01 1.253409191979571524e+01 7.340105094229737226e+00 1.223517368082692940e+02 8.814287153629337013e+00
-5.195215357915957455e+00 -4.607861962451958959e+01 7.465023751143106345e+00 7.351812185354758888e+00 9.846958921413249755e+01 7.831674312957176198e+00
4.383620111447983803e+00 -3.299227713121997141e+01 3.956735407299042384e-01 7.905546127458211281e+00 1.107250084669222332e+02 9.255101726524735284e+00
5.002845304456078779e+00 -2.911250164039179111e+01 -1.157517650460282432e+00 8.108686197509397786e+00 1.166805360803591753e+02 9.647465228403511617e+00
-2.248708335243099654e+01 -7.272951478822913884e+01 -7.797885381237527724e+00 6.269347121180019577e+00 9.986654845342357589e+01 7.667159799430756095e+00
-2.745850847377807114e+01 -7.620551422380060558e+01 -5.366437026847211911e+00 6.682715697377851427e+00 1.023377252043448493e+02 9.194511019585995371e+00
1.186257682734298768e+01 -1.879537213876075796e+01 1.309348754010820670e+01 7.051662340999516054e+00 1.193220851309597208e+02 8.403168845510563756e+00
-1.627061776822625205e+01 -1.377383862245897106e+01 -1.100735341728922734e+01 8.305352951628602653e+00 1.205597777038428546e+02 8.830511957218718067e+00
1.595039216924733338e+01 -2.404069003249162506e+01 5.643320626037811039e+00 7.829803786732792759e+00 1.162937122117958637e+02 9.163483924442139994e+00
-5.195215357915957455e+00 -4.607861962451958959e+01 7.465023751143106345e+00 7.351812185354758888e+00 9.846958921413249755e+01 7.831674312957176198e+00
-8.198073525856514721e+00 -8.104138315267231008e+01 -1.030787228321622706e+01 6.466211623697263100e+00 1.006609532043085693e+02 7.050792118570257117e+00
-2.179350627087395154e+01 -7.257245995887261358e+01 -9.979297514245663692e+00 6.247997042145390978e+00 9.830406909177260388e+01 7.043072002638005813e+00
-2.179350627087395154e+01 -7.257245995887261358e+01 -9.979297514245663692e+00 6.247997042145390978e+00 9.830406909177260388e+01 7.043072002638005813e+00
1.356298630355660784e+01 3.366609284082808795e+00 7.549043101032212988e+00 9.666774348380284820e+00 1.256098224662386826e+02 9.209058765763515453e+00
1.473780777928546293e+01 6.728667954957919840e-03 5.217936596663632187e+00 9.187093104762171336e+00 1.204301768660994583e+02 9.281656095021503461e+00
6.569880952998688350e+00 -2.093792927232309253e+01 1.837083083553275031e+01 7.345216995631286494e+00 1.191366757132328473e+02 8.568193277570330224e+00
-2.640073239504523439e+00 -2.453797655218171414e+01 1.467564727297477312e+01 7.252759561848047376e+00 1.187954018470412052e+02 8.571593614527969862e+00
1.421551729621079474e+01 -1.531124351250488935e+01 2.852191964615842679e+00 7.279817060166365650e+00 1.126187817373283480e+02 8.646454711237261392e+00
