3.418184783283725547e+00 -2.203592317047512594e+01 9.522104258317278891e+01 5.417007081651906475e+00 1.520994658110277555e+02 5.570730214956100212e+00
1.251121491081490689e+01 -2.474148611058509672e+01 8.629809388647831270e+01 5.291076488525925825e+00 1.443912306894016524e+02 5.609027832939929681e+00
4.156987112580002730e+01 -1.731691064043193151e+01 8.620691716742946653e+01 5.153477257741701401e+00 1.481086087977332681e+02 4.941439157352903067e+00
3.642012819900677556e+01 -2.101189330334102223e+01 7.391319040851854538e+01 5.219132241095930880e+00 1.453204304287597495e+02 4.941246595305130995e+00
7.499781955612102813e+00 -2.158836877686997013e+01 8.357057332007892114e+01 5.646406772704095189e+00 1.462351189010355199e+02 6.061269001284927072e+00
3.993230596436801960e+01 -1.285458351399507748e+01 8.241402313899021692e+01 5.416666092555909806e+00 1.549132337794289072e+02 5.442403007990009201e+00
-4.036302459240549467e+01 -1.948259341376431308e+00 4.073870228142126138e+01 5.704144070390555932e+00 1.800762269151594523e+02 5.402506170542977770e+00
-1.178415283821785096e+02 3.632356535534758124e-01 6.137252962362691022e+01 3.996097588153763258e+00 1.731721397915958107e+02 4.295927771506924842e+00
-4.840311697814968994e+01 -1.287610703582784177e+00 1.014058119145844117e+01 5.268644396086489046e+00 1.902434952895893332e+02 5.379654708605357882e+00
-9.848156522984861283e+01 4.068781823365752892e+00 6.065646347019199425e+01 4.014651818557485541e+00 1.665178969360350720e+02 4.136574872711989315e+00
-7.756286866710973982e+01 9.626557803723720497e+00 3.746339864091007854e+01 4.602410207119579155e+00 1.702975631064637412e+02 4.942599138818806637e+00
6.751454060476167740e+01 3.390968467315840229e+01 5.446955971885012815e+01 5.324659038389305543e+00 1.415176579088277435e+02 5.408335066573528138e+00
-4.163354245936771036e+01 1.441978731260037705e+01 4.422273350153337645e+01 5.396074390642657370e+00 1.715317098964503657e+02 5.252742052607558776e+00
-9.005024180202347850e+01 6.984747821787777866e+00 6.137252359597086837e+01 3.883278459073653988e+00 1.715408041837276585e+02 4.265184622501507761e+00
-1.112172521826978908e+02 9.487254252860237713e+00 5.391600241939492832e+01 3.646437832123440970e+00 1.769347054706905169e+02 3.941044475081454834e+00
-1.063656403293343402e+02 9.798892333898042040e+00 4.959156677208653008e+01 3.796884095110440338e+00 1.773441498894169968e+02 4.170113068069397855e+00
-7.513312249196587800e+01 2.052600373460161265e+01 3.993898429733925326e+01 4.030108419197590663e+00 1.592851138681829184e+02 4.815435582898899725e+00
1.009076466925695215e+01 -4.414253320993395135e+01 8.858275112009103225e+01 3.959784761815286380e+00 1.131461886233911116e+02 4.332693590604833389e+00
2.181443919566454070e+01 -6.152153457587419894e+01 9.717193325564484496e+01 4.333230945938511880e+00 1.251827064733783459e+02 5.080021804756526649e+00
3.170636445944743542e+01 -5.790221779451689343e+01 8.547067453458724628e+01 4.278440875252586650e+00 1.094097230596988481e+02 5.557372705200300800e+00
3.407509557518302046e+01 -5.482552020598476616e+01 9.055923533774392808e+01 4.146880701679316772e+00 1.110861827591532602e+02 5.074413311725194831e+00
2.795472584010688166e+01 -5.051909651086563002e+01 8.092797646920378440e+01 4.427933431725376678e+00 1.099715417733151526e+02 5.212879430438398742e+00
1.317584494588802002e+01 -3.583439075495287796e+01 8.078580997052834789e+01 4.391320270193183717e+00 1.415817431733343312e+02 5.105916882938061008e+00
-5.003651514307959758e+01 -3.752817544968090502e+00 2.036613180105327814e+01 5.174697736148246463e+00 1.700785921272868393e+02 4.768888418618558944e+00
-2.170836751444378621e+01 -1.096541447854154860e+01 7.914920394055340580e+01 6.249804006035401649e+00 1.555727723607186874e+02 5.826636130761542631e+00
3.993230596436801960e+01 -1.285458351399507393e+01 8.241402313899020271e+01 5.416666092555909806e+00 1.549132337794289072e+02 5.442403007990009201e+00
6.751454060476169161e+01 3.390968467315840229e+01 5.446955971885012815e+01 5.324659038389305543e+00 1.415176579088277720e+02 5.408335066573528138e+00
5.163690036602465838e+00 1.630117777745093477e+01 5.648929421556578490e+01 7.403551219085577451e+00 1.317954475693299514e+02 6.393436636232948445e+00
3.268100848536060710e+01 2.422651855003483590e+01 5.252014660550635483e+01 7.055347426749268180e+00 1.456682532331599020e+02 5.878340629720995025e+00
-4.235654439185402076e+00 2.790672775031314856e+01 5.986735379886022201e+01 7.394927059531101854e+00 1.273704341674314833e+02 6.240082343601699222e+00
1.905009127205142505e+01 2.980366932177139816e+01 6.175669404699242904e+01 6.723199197534308169e+00 1.337243433335905536e+02 5.930594972480079718e+00
6.902108274734864324e+01 5.774801358317607480e+01 4.560822972779669016e+01 5.426529335568716306e+00 1.455535640236954009e+02 5.762284700203323951e+00
3.455152483552224396e+01 -5.886766718239233143e+01 8.086141829248055046e+01 4.278440875252585762e+00 1.209004859378158159e+02 5.346655704205851123e+00
3.529220164800543813e+01 -5.409021591677090868e+01 8.417575212527152928e+01 4.092376545705175062e+00 1.244939355952730722e+02 4.879796611204135104e+00
3.310108364425966698e+01 -2.475494392043656688e+01 8.194143386978586818e+01 5.520365893913191435e+00 1.461083416509817141e+02 5.197422608764526331e+00
5.384494736760882461e+01 -1.494316877824344658e+01 4.983327545362417510e+01 5.060752634422859053e+00 1.620745121849823818e+02 5.147588862988087044e+00
7.024458399420065291e+01 2.704631551334143236e+00 6.183983227615605927e+01 5.039678229170363011e+00 1.611711822876534086e+02 5.199062932528931924e+00
-2.353152118009759874e+01 -1.061850038946190189e+01 8.276516977533061947e+01 6.435138784070551843e+00 1.539754119981498661e+02 5.934166115584901036e+00
-7.756286866710972561e+01 9.626557803723720497e+00 3.746339864091007854e+01 4.602410207119579155e+00 1.702975631064637412e+02 4.942599138818806637e+00
-8.968953435299137311e+01 6.727164006660882656e+00 6.200860991673378209e+01 3.862332555857573180e+00 1.726265912308992938e+02 4.389295306750597092e+00
-4.666096580515367975e+01 5.288179246764246244e+01 -4.767211727823510437e+00 5.249256498872030718e+00 1.674136419172583317e+02 5.389233246930345445e+00
-1.098919923449126088e+02 6.698073440103519793e+00 6.145250661871969555e+01 3.702800187060642845e+00 1.660837966208624437e+02 3.864642726478081158e+00
-2.355565150856705614e+01 6.205763428609266441e+00 9.432554646071632476e+01 5.997560332399095806e+00 1.546820206100243809e+02 5.988546276071332386e+00
-1.807148234061723002e+01 9.765291495646511777e+00 7.315415848734751592e+01 5.997560332399094918e+00 1.420760711731571178e+02 6.131465351291964794e+00
1.299673586162690064e+01 1.935769164157399658e+01 5.824431382575041738e+01 6.996745375333173200e+00 1.360280393889436255e+02 6.246854930057082811e+00
1.057078283722406837e+02 3.303189594692436515e+01 2.965292883259442291e+00 4.963228523499300771e+00 1.366945865789863603e+02 5.073288804358412563e+00
-6.722619373271651710e+00 1.326434316263517488e+01 3.772667743822325548e+01 6.732463732280760560e+00 1.329738602132013057e+02 6.425667398905900995e+00
-2.512507251301640210e+01 1.500985876937185104e+01 6.227737318394861887e+01 6.419405187923934442e+00 1.386913840150137105e+02 6.195236468386255524e+00
-1.500421750600089332e+01 1.738036470445483062e+01 5.136298542808468426e+01 6.440211764341333023e+00 1.282054601021345093e+02 6.084946930009692778e+00
2.006058423674170683e+02 -3.858228388861808611e+01 -4.649380543340971172e+01 4.281218735298550016e+00 1.177919670435976656e+02 5.095109608417338620e+00
1.816730182609639144e+02 -8.909103531004323884e+01 -2.516887448342595590e+01 5.096419495136867539e+00 1.127525055153986244e+02 5.141280312149966392e+00
2.081896469464532231e+02 2.645632480014147703e+01 -3.946044495408139596e+01 4.556731208305700775e+00 1.217516324325879395e+02 5.655468717938290979e+00
1.495700938286837811e+02 -2.189008833651802277e+01 -1.239310424236737340e+01 4.927825390385543791e+00 1.356455952104601295e+02 5.995374276766582966e+00
1.037057437626176437e+02 -5.522552873176760357e+01 2.081193744872617302e+01 4.637615604554442328e+00 1.389576464250888250e+02 5.855116681768834042e+00
1.525335518763622247e+02 -2.024603088885746871e+01 -1.270239465382362809e+01 4.644055605111669038e+00 1.297623211876236553e+02 5.502147086347676463e+00
1.376243042056894410e+02 -1.224352621745256720e+01 -6.246806016843700959e+00 4.686374069656353392e+00 1.428934830564361391e+02 5.701589626771934149e+00
1.348789431438632391e+02 7.994950207357316430e+00 7.843756444287293128e+00 4.691293587727784598e+00 1.413785255970651349e+02 5.546699023956435326e+00
1.198353666838348914e+02 8.533759713968983363e+00 1.974076381506979416e+01 5.174146655401410833e+00 1.489397193498094225e+02 5.734796517862548626e+00
2.031192197783987865e+02 5.394636765307863868e+01 -4.352154602911932813e+01 4.317633850019343633e+00 1.211585221930343579e+02 5.607293429307766530e+00
1.469040119518464280e+02 6.821982696681753566e+01 -3.919014195656740895e+01 3.986567271971939608e+00 1.345813787267763075e+02 5.115366149945799634e+00
-1.466445875206379128e+02 2.408770779162593811e+01 -3.887667890603287546e+00 3.197953894316605705e+00 1.614639588267301065e+02 3.876545570823154208e+00
-1.466445875206379128e+02 2.408770779162593811e+01 -3.887667890603288434e+00 3.197953894316605705e+00 1.614639588267301065e+02 3.876545570823154208e+00
-1.742304013752357719e+02 1.131025478141823548e+01 4.297203824713115239e+00 3.574682614721863327e+00 1.334759435254158575e+02 4.381751240127229607e+00
-1.350736332242454694e+02 2.555128777341153068e+01 1.451658045094982441e+01 3.161234859207858516e+00 1.826709883916983586e+02 3.825671728071696975e+00
-1.447791436869304960e+02 4.100867878306785741e+01 -2.503454586459834630e+01 2.957867321024068463e+00 1.645529094242942847e+02 3.373910144051805560e+00
-1.766945016923330058e+02 3.889279172448841138e+01 -8.061035347337629275e+00 3.496310315670701829e+00 1.346306428715246284e+02 4.159057715091464047e+00
-1.617186889053143943e+02 5.450145546210858072e+01 -1.128591166846622329e+01 3.191200225124440237e+00 1.486494534130549710e+02 3.854634380654601955e+00
-1.428447543430163194e+02 6.646035513128040861e+01 -2.066199620463278563e+01 3.333553747351564844e+00 1.691663308699458810e+02 4.167130339182079979e+00
-8.142298497503571042e+00 -1.983853009568145751e+02 2.294668524491138584e+01 5.042451755495761745e+00 1.012578268579767666e+02 5.981840849682029670e+00
4.186710192450114221e+01 -1.759150904266994075e+02 1.730117585824470794e+01 4.157538489893760847e+00 1.073423960977208651e+02 5.169959953000812902e+00
-4.352223412383341383e+01 -1.769661057233109602e+02 2.856158526465184977e+01 5.667147752305689679e+00 1.014230126746390823e+02 6.085165000004444380e+00
2.328999389264415854e+00 -1.580948557667388172e+02 4.127524733396408152e+01 4.867657765209444598e+00 1.067007380480566354e+02 5.837018779455625861e+00
-7.501444186425622718e+01 -1.748037003667471083e+02 5.309427106919344652e+01 6.088895979896144617e+00 1.092526773127322599e+02 5.912904814295110612e+00
4.998028936008486767e+01 -1.410724668420773185e+02 5.401629009973030549e+01 3.507831247803024244e+00 1.099219723258275678e+02 4.501706973203084772e+00
2.129135486705594005e+01 -9.006061977410944053e+01 1.042184153442478447e+02 4.143470282850912234e+00 1.313696692543602182e+02 4.910384757704591152e+00
5.558720877609136579e+01 -6.349367401815136702e+01 5.144799129452604802e+01 3.894845538163765220e+00 1.429088783106214180e+02 4.642226343251053322e+00
-6.341925499935046417e+01 -4.758261616020448059e+01 5.030348253350257437e+01 5.124436517856535644e+00 1.439543243532475287e+02 5.177390508230800492e+00
-6.341925499935047839e+01 -4.758261616020448770e+01 5.030348253350258148e+01 5.124436517856536533e+00 1.439543243532475287e+02 5.177390508230800492e+00
1.000116654452710776e+02 5.677824606166441157e+01 6.968349063674311950e+00 4.154222734733826528e+00 1.296632079658682528e+02 4.617383590679935423e+00
1.425300302482295081e+02 7.378078420001919824e+01 -3.367232642013983224e+01 4.024198384806389583e+00 1.304635581302303535e+02 4.891055126038267531e+00
5.765455424166847820e+01 -1.370827910508355387e+02 5.601388308883819889e+01 3.442095404057986308e+00 1.018020628474688607e+02 4.596327747671189456e+00
9.714665036176172919e+01 -1.608618456971114767e+02 2.437193284139973670e+01 4.118679548369707177e+00 1.067557492597002948e+02 5.228284389488422335e+00
9.608714584302769879e+01 -1.076115524035654403e+02 2.660941464507127208e+01 3.546650904995840126e+00 1.133186215941581310e+02 4.257312549918758293e+00
3.414188299067973986e+01 -1.194471523296568591e+02 6.928653650949145515e+01 3.708589033235803800e+00 1.162352786377698664e+02 4.612516906012196216e+00
4.256012185992854313e+01 -1.156616480179193900e+02 7.109397810871060130e+01 3.635192297582291232e+00 1.068135759161727378e+02 4.681915763033103417e+00
5.738965892420604575e+01 -3.205386554148237366e+01 6.400404141172808181e+01 4.254157891449817264e+00 1.448610023436259553e+02 4.596324512490014058e+00
-1.446020796617381166e+02 2.552158962771296302e+01 -1.283218468974544946e+00 3.169263891945515166e+00 1.646432810654598029e+02 3.791580722777666779e+00
-1.549381781116057937e+02 4.603514748296827008e+01 -3.759945467982451817e+01 3.074253379809994691e+00 1.620152693421209449e+02 3.658367212812606795e+00
-1.198933074289152927e+02 6.529997062321577062e+01 -1.425013705748033388e+01 3.217461299825310039e+00 1.615126852603225132e+02 4.107577854341457169e+00
-1.189505303162830501e+02 6.554273099297024885e+01 -1.420134648947122713e+01 3.228062564319596373e+00 1.617140686520501731e+02 4.213653193237391292e+00
-1.636641124808748486e+02 5.881681844848107232e+01 4.876441973773424365e+00 3.334467009089470579e+00 1.394343573155483114e+02 3.996435247663967516e+00
-1.536345193158245763e+02 -7.360982821932158515e+01 3.962693666854618613e+01 5.370939557911888151e+00 1.265406654004948876e+02 5.142837632664331693e+00
-1.470135737763025077e+02 -5.992942974025904590e+01 6.494730141342674301e+01 4.788183096038253872e+00 1.289691823654007692e+02 4.982572823036889531e+00
-1.354798884411399058e+02 -5.436885929197586620e+01 4.631445043039082066e+01 4.551155926944301378e+00 1.677466765691648334e+02 4.442356102089306091e+00
-1.286494732071911926e+02 -3.749460597262198291e+01 3.784134391936250807e+01 4.484230132334452001e+00 1.675625256434146877e+02 4.459384699715570832e+00
4.728416265952618147e+01 -5.155097390581673267e+01 6.287387799141960443e+01 3.912668103156838662e+00 1.361441423638931099e+02 4.403006430981875496e+00
-1.131828154002858327e+02 -1.681579634987966188e+01 4.316715537687306181e+01 3.972226491074747567e+00 1.692664763028994059e+02 4.173630952240699798e+00
-1.207221236045431425e+02 -2.870198433959461504e+00 5.815673511481677593e+01 3.996097588153763258e+00 1.689464708125032359e+02 4.156767978606723091e+00
1.215410831841797688e+02 2.900902613428277732e+01 3.103059325348288322e+00 5.328699428628622670e+00 1.450735244625979306e+02 5.690406962019025627e+00
1.105916519366236344e+02 4.818684574057945724e+01 -1.279442877778373422e+01 4.461149102356467999e+00 1.402591440869364590e+02 4.970760845274682538e+00
1.607850925195746186e+02 6.344728065308189002e+01 -3.964782860905621220e+01 3.933477224305577558e+00 1.235854360351574854e+02 5.238892995435101341e+00
1.704217252601569612e+02 6.797134829618627805e+01 -3.705173602028209956e+01 3.897527745688965872e+00 1.159997844825584110e+02 4.816959598016268274e+00
1.704217252601569612e+02 6.797134829618627805e+01 -3.705173602028210667e+01 3.897527745688965872e+00 1.159997844825584110e+02 4.816959598016275379e+00
1.256671092087033372e+02 7.579113311990150237e+01 -1.776995213262434703e+01 3.686303353656742221e+00 1.184358370595657277e+02 4.581273275443003001e+00
1.834464417171239177e+02 6.815444096427917486e+01 -3.561899200641355634e+01 4.081264835278296310e+00 1.182495137410720929e+02 5.141777966811460487e+00
