-2.210914376276993210e+01 1.224572162496754935e+01 -1.645023419590394909e+01 3.483903351549178407e+00 1.294365771333590089e+02 5.528504064728238632e+00
-1.729731206828982337e+01 1.649402987513366625e+01 -3.371363151207543751e+01 3.607453918380423730e+00 1.573237029185367248e+02 6.051473938805813191e+00
1.679906852876734149e+02 7.997147774990435209e+01 -9.540182920611880490e+01 3.103524313307242100e+00 9.655945059909981865e+01 7.897116014286879704e+00
-1.960603009378274351e+02 -3.570254568476368462e+01 4.556562614617271834e+01 6.682954274799179473e+00 1.255309822314794133e+02 8.585647627801023418e+00
-1.122427542271868646e+02 -4.723020720053356314e+01 -2.628833237144831259e+01 4.806155032464793031e+00 1.278303172177867992e+02 6.254973926252908711e+00
1.060764426632890149e+02 6.724403098944338808e+01 -7.477223496579223649e+01 4.435513486461492683e+00 1.187767969765138787e+02 6.499650503954086389e+00
1.679906852876734149e+02 7.997147774990435209e+01 -9.540182920611881912e+01 3.103524313307242100e+00 9.655945059909983286e+01 7.897116014286872598e+00
5.683342135268379280e+01 3.442025948285596115e+01 -4.367101227143738384e+01 4.172339053419989341e+00 1.266539675651734171e+02 5.231289788150178310e+00
-1.010014998717762893e+02 -6.067196952198655424e+01 -5.737301948202356527e+01 3.905916627075547432e+00 1.421550122225734185e+02 5.395364895365062807e+00
8.134585289414434328e+01 -7.280820844949717596e+00 -1.178396818971136781e+02 4.335847829567311074e+00 1.177253583557935031e+02 5.444761099259352477e+00
-1.224573047735732416e+02 -6.481619311588190158e+01 -5.966154156593887592e+01 3.775747441005380178e+00 1.470402920970983303e+02 5.736020903934715420e+00
-7.404791610714752892e+01 -5.886209308938968121e+01 -6.314969592298696455e+01 3.634178176280923545e+00 1.522397697712394802e+02 6.119928313341262083e+00
7.788542919817919596e+01 -3.275798505525743565e+01 -9.040622905004492793e+01 3.385726060880890564e+00 1.162518817052008018e+02 5.366401205320258327e+00
-3.371405143345347710e+01 8.027788651272784293e+00 2.086450202811083621e+00 3.806516236862003133e+00 1.539286441829460159e+02 6.179600566770631076e+00
1.652452464208916751e+02 7.940859526477335351e+01 -1.036134697835046410e+02 3.040633902113715870e+00 1.210096173863879301e+02 6.786275411611484287e+00
-1.725577612048531648e+02 -4.902399001087172081e+01 -5.256727177348599156e+01 4.656371681667843987e+00 1.340130963749438990e+02 6.371854629705808293e+00
1.025977262478959915e+02 3.811734636224652206e+01 -8.772844418201667338e+01 4.900541298871949891e+00 1.177830526858596869e+02 7.117166266453047285e+00
1.686131308006802385e+02 7.959587348684385688e+01 -9.459362107226539251e+01 3.097107629101080395e+00 1.008721344078730198e+02 7.954835340894909734e+00
1.683652441373396016e+02 8.023026375997332593e+01 -9.603924027235601102e+01 3.112289715757750042e+00 1.007484491195770175e+02 8.478791505660510097e+00
-2.103744263736153925e+02 -1.967244439649435606e+01 5.141960816678459878e+01 5.956476442397619309e+00 1.008681813060987054e+02 7.803010923179520830e+00
1.698244662136706324e+02 5.086068175865290897e+01 -1.158284285041370509e+02 2.796381656813039740e+00 1.059455520538733992e+02 8.743687538306566864e+00
2.744242792031835743e-01 3.447875948524099066e+00 9.983095718427664522e+00 4.851650573990027304e+00 1.341287720811608892e+02 6.410860641550542027e+00
-3.495131112206616564e+01 2.387430795092570790e+01 -1.594212645650854832e+01 4.342843527094320422e+00 1.456987988969023604e+02 5.971961076472510399e+00
-2.603449685266209901e+00 7.116409400976777544e-01 1.063230874490103872e+01 4.835292974423195389e+00 1.328655711612304628e+02 6.470828012950903485e+00
-1.510603976168020779e+01 1.566448401050504735e+01 -3.144795834544871482e+01 3.730384657406328408e+00 1.577794029650258381e+02 6.440169459613784397e+00
-2.276413124740937732e+01 1.332983489906965957e+01 -1.568838168538134958e+01 3.536100652221546348e+00 1.331126872240208456e+02 6.174199318728099684e+00
7.788542919817921018e+01 -3.275798505525744275e+01 -9.040622905004494214e+01 3.385726060880891009e+00 1.162518817052008018e+02 5.366401205320258327e+00
1.672288897154067229e+02 4.976181320316521095e+01 -1.169363220562997157e+02 2.725445760024388431e+00 1.034887795850352035e+02 7.923440736168458898e+00
1.473083247564106557e+02 6.701254719653930181e+01 -1.039301889915203816e+02 3.150087859515111610e+00 1.206065814953727937e+02 6.419999788677280605e+00
1.582064889424937064e+02 7.668224104742623126e+01 -1.018562975887902553e+02 2.891850260115016003e+00 1.231935469089188899e+02 6.333020266705339907e+00
6.982093075214346811e+01 6.807125084820951599e+01 -2.959793195715689507e+01 4.419637782066144993e+00 1.271434131207747669e+02 7.492045627348943526e+00
1.727103361818371852e+01 -1.129483918427787792e+01 -3.987380112265280019e+01 5.028187600640386279e+00 1.287149563959060572e+02 6.423076158451948459e+00
-1.072634240034614095e+02 -1.945734243878577274e+01 -7.761233882714080323e+01 3.971682160843425624e+00 1.395890755037800091e+02 6.681908785589754984e+00
1.655257795637243419e+02 7.818393582068560477e+01 -9.782587610188430460e+01 3.024672303426094722e+00 9.809703104579669741e+01 7.628524581539004146e+00
2.672885030201784673e+01 -1.468352519227900332e+00 -2.726391382776958849e+01 4.363132744326840395e+00 1.262132718853290925e+02 5.739115560242304070e+00
-1.072894812498314820e+02 1.452308332397252677e+01 -7.895930369069702692e+00 5.956201723355957434e+00 1.468255767909664939e+02 8.151645489636067055e+00
-9.970530108581539253e+01 -4.069347353918902854e+01 -4.844783881859094521e+01 5.034775843828735553e+00 1.600138978339069240e+02 6.005473877663817461e+00
-5.032752316263455583e+01 -4.987666015313185852e+01 -9.339226616091957567e+01 3.787062126814593199e+00 1.619144836016839974e+02 5.974930034445776528e+00
-9.125275023230705074e+01 -2.057116648658420033e+01 -5.982739243262778928e+01 3.881108201035562644e+00 1.361271097173520275e+02 5.804211284615476529e+00
1.652452464208916751e+02 7.940859526477335351e+01 -1.036134697835046410e+02 3.040633902113715870e+00 1.210096173863879301e+02 6.786275411611484287e+00
-1.089641771777543653e+02 5.493305462374043202e+01 -4.840669851618758202e+01 6.649880055739067153e+00 1.551384865209145971e+02 8.203639983607658337e+00
1.655257795637243987e+02 7.818393582068561898e+01 -9.782587610188431881e+01 3.024672303426095166e+00 9.809703104579669741e+01 7.628524581539004146e+00
1.434251822271365882e+02 7.900215608705308590e+00 -1.122797806981160420e+02 2.436654308985334083e+00 9.939832745071720410e+01 7.294097937753825533e+00
-1.010014998717763035e+02 -6.067196952198656135e+01 -5.737301948202355106e+01 3.905916627075547432e+00 1.421550122225734185e+02 5.395364895365062807e+00
-1.090736607449771327e+02 -4.416776260785319863e+01 -3.316712523213792707e+01 4.638939079449828640e+00 1.293601175014927094e+02 5.947326164738086618e+00
1.058836642781274833e+02 3.038445881306821761e+01 -8.749663893835177930e+01 5.290194284211858111e+00 1.178033955368010623e+02 7.298000116106457824e+00
2.810405584264236722e+01 8.408178487762643094e-01 -2.548310595558298175e+01 4.279022753071469509e+00 1.259671683415960644e+02 5.479654139991801287e+00
-1.001668269560475721e+02 -6.211349732008058311e+01 -5.803864592552168489e+01 3.895416264536786688e+00 1.434222698886055127e+02 5.548023088903889288e+00
8.822107930726442504e+00 5.977032946427618398e+00 -2.691437453661614043e+01 4.746930173719156265e+00 1.493196571118484997e+02 5.801850987818795602e+00
-2.276413124740937732e+01 1.332983489906965424e+01 -1.568838168538134603e+01 3.536100652221545904e+00 1.331126872240208456e+02 6.174199318728099684e+00
-2.103744263736153925e+02 -1.967244439649435606e+01 5.141960816678459878e+01 5.956476442397619309e+00 1.008681813060987054e+02 7.803010923179520830e+00
-2.122103130730387193e+02 -1.815404241346110226e+01 4.729239220758891804e+01 6.027597813661370374e+00 1.237406461111303599e+02 8.030660485440876073e+00
1.198688398042424978e+02 -2.345668887046804940e+01 -1.031688222587104207e+02 3.636106882046519662e+00 1.057824536489865892e+02 7.534429977894880892e+00
8.541483834485021021e+01 -4.211530067138355804e+01 -7.211755504347216572e+01 3.689581350539074212e+00 1.040039782892943094e+02 6.518306480033345451e+00
-7.404791610714752892e+01 -5.886209308938968121e+01 -6.314969592298696455e+01 3.634178176280923545e+00 1.522397697712394802e+02 6.119928313341262083e+00
-1.010014998717762893e+02 -6.067196952198655424e+01 -5.737301948202356527e+01 3.905916627075547432e+00 1.421550122225734185e+02 5.395364895365062807e+00
-1.510603976168020779e+01 1.566448401050504735e+01 -3.144795834544871482e+01 3.730384657406328408e+00 1.577794029650258096e+02 6.440169459613798608e+00
-9.842576744904899044e+01 -6.241608008580887201e+01 -6.125865883622359576e+01 3.970657027995357691e+00 1.499204789213268327e+02 5.814818570884909832e+00
4.457024356710535784e+01 1.707515783533576936e+01 -4.307131272404315325e+01 4.506616992564582702e+00 1.275199592220762668e+02 5.474874328289274672e+00
-4.483120162155043431e+01 1.996420112831805582e+01 3.743178093754123470e+00 4.692199475039578793e+00 1.459591980657608303e+02 6.119591070432278457e+00
-8.850511893654977769e+01 -6.056559704032683555e+01 -7.519431487217335075e+01 4.238727922832878470e+00 1.741727303569648768e+02 6.210419332024684991e+00
-1.102751586141980589e+01 1.655019039167681072e+01 -4.153588641859678177e+01 3.862115171259394408e+00 1.534303995302104511e+02 6.613126751152137217e+00
5.803595250093764690e+01 -5.404115268571842989e+01 -8.699838325850949161e+01 3.113557514292445649e+00 1.072375400687650995e+02 5.692590597455932766e+00
-8.154609549041515493e+01 -1.765937178739874369e+01 -8.037628931294952395e+01 3.662706977177515810e+00 1.691047826053420522e+02 6.119307010529226432e+00
1.463374983165325887e+02 1.526567759091542520e+01 -1.102742434162258292e+02 2.311300227148812336e+00 9.055777161569292844e+01 8.735064936382570977e+00
-6.566445392483889520e+01 -4.084981641257692786e+01 -5.670549524812443565e+01 3.695348876158223828e+00 1.690777927464159802e+02 5.836553141580040460e+00
2.925492689497706778e+01 4.337715145906662073e-02 -2.955079180105003545e+01 4.371439031341820325e+00 1.212802024239735488e+02 5.548695989654532923e+00
-4.396988827732696592e+01 1.896725532314115981e+01 2.286491668851245329e+00 4.661613255947507639e+00 1.496440443185093727e+02 6.037253746481681560e+00
-9.247718482193145917e+01 -1.847419670167612793e+01 -6.106538173393625613e+01 3.901163399949188815e+00 1.436754241337049223e+02 6.340689681968171953e+00
-4.853449109791338145e+01 -5.740627436357754476e+01 -8.629716912265953965e+01 4.105738865032741103e+00 1.624464219365880808e+02 6.541517140439935929e+00
-1.050879662455568422e+02 5.621264338417614681e+01 -4.595141673289885631e+01 6.542978020860036104e+00 1.549085133231869804e+02 8.145433028264605468e+00
6.625050704466535478e+01 -5.996306255312364186e+01 -9.128283357513144836e+01 3.372441662031445464e+00 1.049578367726774388e+02 6.556642930548918002e+00
-6.893756247016963812e+01 2.798740716805073347e+01 -4.179301778320220251e+01 6.379090015332964825e+00 1.668879489358054400e+02 7.796723688128508911e+00
1.566126874830599718e+02 -1.045446086880801495e+01 -1.154260851643096544e+02 2.696960671402460985e+00 1.112332122164958434e+02 7.099221240197380212e+00
1.565944193775337681e+02 -6.798072915768713642e-01 -1.256007201573464016e+02 2.496740162570967314e+00 9.299756717248037319e+01 7.452693455635142072e+00
-6.240232054124839323e+01 1.645924901069466628e+01 -1.918102007175952650e+01 5.859638306463639701e+00 1.516239097240273850e+02 7.053086017720389123e+00
4.751250314546360443e+01 -3.045663077901201166e-01 -7.159042712624648175e+01 4.804564712924691783e+00 1.153345026433980820e+02 5.603965475514520733e+00
-2.468268257098291585e+01 2.390560314114460994e+01 -3.139502429895375357e+01 4.088150055599867549e+00 1.602084501516696093e+02 6.271321232133630019e+00
-2.005648063580046880e+02 -3.940680014074741422e+01 5.307409190096753804e+01 6.509093215495318496e+00 1.074348174476040185e+02 8.370527906432371879e+00
5.505851343089552330e+01 -2.837073147042777421e+01 -5.616024619856044353e+01 4.110268330897473454e+00 1.199399328830894405e+02 5.850485357269299413e+00
1.422223762777732077e+02 2.976518095217024040e+00 -1.305805959119390707e+02 2.546075202246071090e+00 1.115752660763128148e+02 5.656569292087901601e+00
1.605510705083063954e+02 5.848082586864189913e+00 -1.204424336485262046e+02 2.387408031528976071e+00 9.423353967669896747e+01 7.374622830584939948e+00
1.546823886512951844e+02 -5.420900076382580757e+00 -1.192879697565528829e+02 2.541467211958560402e+00 1.041024855611046434e+02 7.841885998966290572e+00
8.822107930726440728e+00 5.977032946427617510e+00 -2.691437453661613688e+01 4.746930173719156265e+00 1.493196571118484712e+02 5.801850987818824024e+00
1.576966531943728178e+01 1.390586764575525436e-01 -1.996734943501133586e+01 4.277713582728522645e+00 1.231793813915299580e+02 6.392862213051266451e+00
-1.298087374346728318e+01 -2.982204644926668813e+00 2.426589144270749543e+01 4.556198662945353917e+00 1.350819288432024052e+02 6.263947339066859854e+00
-2.654613665791977439e+01 5.225189385655050245e+01 -3.932118499319449967e+01 4.783890086351523685e+00 1.526063891191977575e+02 7.671221187103384409e+00
-1.765675017026502758e+02 3.240111553370228847e+01 -2.648038213828534637e+01 6.006738971469305355e+00 1.501407589563873159e+02 8.017691266047364707e+00
1.655573807571585974e+02 5.355845166683319558e-01 -1.152255587010459408e+02 2.589976523399322161e+00 1.092635689514121680e+02 7.664162422948557207e+00
-2.386575321770158098e+02 -6.551855990407490227e-01 4.745699565355587168e+01 7.836340820129461981e+00 1.319776117377489015e+02 7.785952687152018825e+00
