1.842003846207949209e+02 -7.499324873446303741e+01 1.677067062550881715e+01 4.161896822204258939e+00 1.671934433523037455e+02 6.502289833409093944e+00
-5.253001816675707403e+01 7.109296243755416356e+01 4.901805479252202957e+01 4.185540484892919189e+00 1.609306061630291822e+02 6.991471956214766692e+00
3.241067344235793257e+01 -1.949590326257336770e+01 7.802364123710465549e+01 5.482906280555206457e+00 2.405757469072890729e+02 4.724553428645847930e+00
-8.264678821561358291e+01 1.015208546323178211e+02 2.210752703242968575e+00 3.944727440818476261e+00 1.681015987431410394e+02 4.820610541854392750e+00
7.767516847960222570e+00 2.689742126415154289e+01 8.697680926910710753e+01 4.225007614490515095e+00 2.457893966386670854e+02 6.099061219645705023e+00
-1.933621401256646379e+02 1.130314210601821259e+02 -9.096362853339071464e+00 4.431397881749466805e+00 1.808235258477170646e+02 5.322374143333959751e+00
-4.549090220928948725e+01 -2.767040725670419832e+01 -4.594193138656894604e+01 3.349729546942372682e+00 1.783858949020353464e+02 5.537710205308130185e+00
-2.727968444779970625e+01 -8.080897212360977733e+01 -4.284676759128118562e+01 5.047585129462611953e+00 1.721883852064360383e+02 5.719133635405967198e+00
1.112620600675610802e+02 -1.094063488467225795e+02 -2.654410205671218748e+01 4.521647510732248243e+00 1.493201593891461130e+02 5.349779072956337700e+00
-6.550500178647682503e+01 8.695332019944301294e+01 3.707310141282989946e+01 3.840844019212710680e+00 1.531165814012316559e+02 4.959234255678083514e+00
-4.949307832146384811e+01 -5.421199625265039401e+01 -5.584035549092503103e+00 4.043482112872719192e+00 1.815809667889230923e+02 5.466477392797884249e+00
4.436577006788389355e+01 -6.883259875782883341e+01 -4.491384109422265425e+01 4.190598094967934450e+00 1.807245071925775051e+02 5.636196912039750373e+00
-1.734192771224795990e+02 -2.263195091298404193e+01 6.695583415962808260e+01 4.066603902394920311e+00 1.471951425828991091e+02 4.753956294169341845e+00
-1.562557069339595728e+02 5.255926371802514296e+01 2.197837117216124625e+01 4.503668927285438883e+00 1.922792955572700180e+02 4.849831871475075218e+00
-4.511897518056711220e+01 -2.639799621898949766e+01 -3.866172735127770466e+01 3.311820590447335011e+00 1.955616207234947410e+02 5.626741949483744065e+00
1.272362789152744078e+01 1.643961814193642113e+02 -3.754099811643255435e+01 4.827904147641480570e+00 1.506795523619578603e+02 5.807662934497770379e+00
5.549742627977435205e+01 6.444332168678559469e+01 1.049935502859110841e+02 4.570067526822470860e+00 2.125775799561185977e+02 5.979248661617660332e+00
-1.100291536755429718e+02 8.179173761055398728e+00 4.423320295545827285e+00 5.917274969607094093e+00 1.997797537289502259e+02 6.935319133472845010e+00
-5.094353731031799981e+01 -3.747682207879358884e+01 -4.189925717029462504e+01 3.641808993420013074e+00 2.066850502576323265e+02 5.678871853611099141e+00
-5.327404099136053617e+01 7.940552169402693039e+01 1.643274307282995395e+01 4.030777467740498388e+00 1.748100111549679241e+02 6.255214767121259456e+00
1.652797658168867088e+02 -3.427306826228957437e+00 -4.764449534245539297e+00 7.270994125369118599e+00 2.203425514965277898e+02 7.138024288007741802e+00
1.025131515601929877e+01 2.468180120597687122e+01 1.134385567792097618e+02 4.058543611659937156e+00 2.686906911301543346e+02 5.679462504778797438e+00
-8.522481029050298673e+01 1.773708241017007197e+02 -6.991740829103311228e+01 5.828308137011697809e+00 1.701185689453094483e+02 6.037847754435716752e+00
-1.181978627393191630e+02 2.390675232368884551e+01 4.263223153570088186e+01 5.489659488381176011e+00 1.663283198977251516e+02 6.566307981489813983e+00
-7.471779683322644416e+01 1.327797603834916345e+02 -2.698064137891733338e+01 3.661719275876308188e+00 1.713072094221372765e+02 5.503663238338447172e+00
-6.239028997633216989e+01 1.433950309580428097e+02 -1.808098381296165869e+01 4.065333758180659451e+00 1.702840200958387129e+02 5.753517207276217960e+00
4.302766116051392942e+01 1.835039590862945715e+02 -2.202458598161870995e+01 3.789098147556358320e+00 1.368555808142291426e+02 5.139096675322178953e+00
-1.266585666736002196e+02 5.923371597647344089e+01 -2.378518213371241075e+01 5.187533133577261424e+00 1.743184657458870674e+02 4.939572765349083738e+00
-4.404164368096901683e+01 3.941342042099566512e-01 -1.398039002064706793e+01 4.320853779883233159e+00 1.901439980646246966e+02 6.717661542816799169e+00
-1.639925344187560086e+02 -5.130922389986930909e+01 4.158705392856413141e+01 5.063349513400939195e+00 1.500838015909778278e+02 5.250607416672465888e+00
6.064770571681656008e+01 8.393033828884064462e+00 8.035705973587728579e+01 6.672465655284215202e+00 2.134430310410719471e+02 5.531647018432181540e+00
3.387637695880834343e+01 -3.028606052792841652e+01 1.041945799531537915e+02 4.586924073412895098e+00 1.897856949298339657e+02 4.600255311104632483e+00
-4.122301071181524179e+01 1.268372387884017911e+02 -2.595729869647037447e+01 3.874446321906476420e+00 1.850922675316286643e+02 5.774375284942721009e+00
2.110058281334330559e+02 -3.287041760699263904e+01 1.627682165783457791e+01 5.338017862662366220e+00 2.212612483016400517e+02 6.691091656612655925e+00
2.252022035934365931e+02 -1.832418897333471008e+01 3.063272453959904595e+01 5.386752358405297869e+00 2.204167870195008447e+02 6.802874644218405820e+00
-3.187693166450787174e+01 2.086886585920152726e+01 -6.889345914382514025e+01 4.862397428803506116e+00 2.220163507492184465e+02 6.451485254050865592e+00
-4.241995370741377513e+01 -7.494221788604643564e+01 -1.997791459976556894e+01 5.120961725234206341e+00 1.738083642981545154e+02 5.964057847166870374e+00
1.719177852473088706e+02 -9.211153125106353912e+01 4.679658575885898131e+01 4.882952949154406141e+00 1.344599847538292750e+02 5.808456401793691271e+00
-9.775386494091527823e+01 1.528788272807817918e+02 -3.877761112576379343e+00 5.529883463080243367e+00 1.732103562146328386e+02 5.527263925878372675e+00
-5.508832287860192878e+01 -7.715932080039239338e+01 -3.070324855029608280e+00 5.029572628326112849e+00 1.761173685358715773e+02 5.801304545189466921e+00
-3.973486793394417305e+01 -3.074874955874413018e+01 -4.109482096873328771e+01 3.169106019138163699e+00 1.826167024124573288e+02 4.878953049582563040e+00
1.109282381754671150e+02 9.922259673780888534e+01 1.173225603266119492e+02 5.523146939924203913e+00 2.287972027801039303e+02 6.949892111103622483e+00
-1.349972923183326827e+02 1.559071521490812451e+01 6.386919240879432635e+01 4.942729555604549851e+00 1.693840237448620769e+02 5.279150174082516855e+00
-6.727031502084538772e+01 7.768731403489066167e+01 4.505334584197863990e+01 3.934075223178528535e+00 1.706414076360131276e+02 6.584338889126755134e+00
3.752183306015877662e+01 5.375295595156625694e+01 4.755052029978214989e+01 4.528540626365452404e+00 2.168337150906196200e+02 5.127349154107491813e+00
-5.623044151079009367e+01 -2.451985190170717033e+01 -5.529305152095995624e+01 3.722731506342680685e+00 1.935169501619948562e+02 5.908519980706799402e+00
1.128166790658133039e+02 -1.062492543593780141e+02 -2.420980682780135496e+01 4.444259339350647764e+00 1.479118910027182494e+02 5.047076592735493250e+00
-6.104622776950894547e+01 7.022828896190937087e+01 6.305721143856670352e+01 4.095850864256919799e+00 1.659934561963212047e+02 7.225095758376454569e+00
-9.336729066045413106e+01 6.335800676911210871e+01 3.077747052997390043e+01 3.524845580135968603e+00 1.627682094267796344e+02 5.476052291994420784e+00
-1.296440803709138549e+02 1.103790882914206151e+02 -6.991252056446825236e+01 5.869831468164384169e+00 1.819721407248922844e+02 5.278915483914417450e+00
-4.392584149292790130e+01 -2.911769987424361972e+01 -4.115089182110376242e+01 3.277203165709135391e+00 1.825264090481155677e+02 4.878523539255084529e+00
1.847679251850105686e+01 8.563018456616390495e+00 7.824758234888335551e+01 3.869589260705530442e+00 2.648893920110807016e+02 4.575400604409537664e+00
5.886928125554905478e+01 -8.512838013929375336e+01 -2.927368926990633469e+01 4.910820805971754410e+00 1.680041294135355372e+02 6.186487781893447391e+00
1.764570243625564956e+02 -6.213052758304043266e+01 1.546492731317866642e+01 4.642124298180237751e+00 1.732928951226795107e+02 6.784579806446373595e+00
-5.183860108474240747e+01 -2.754114993977489689e+01 -6.284335075767841516e+01 3.935010010032400807e+00 1.977369464718215113e+02 6.095196073998565112e+00
-1.741345997625723214e+02 -2.867757199746948871e+01 7.326537038416162773e+01 4.146474629093752640e+00 1.478870768525769392e+02 4.681616581507853425e+00
-4.736913704943429337e+01 -4.611456001537791671e+00 -9.166181814554052565e+00 4.445507777166833208e+00 2.131682434135065876e+02 6.459796749747482636e+00
7.058357688233500937e+01 -9.759987787161912820e+01 -2.384007181793715091e+01 4.930557349191689198e+00 1.638826104258776866e+02 6.087582091172862420e+00
-4.511897518056712642e+01 -2.639799621898950122e+01 -3.866172735127771887e+01 3.311820590447335899e+00 1.955616207234947126e+02 5.626741949483758276e+00
-1.303637788333777223e+02 -3.356252636795636679e+00 3.532434980423094828e+01 5.765508014466857567e+00 1.899198515163699312e+02 6.647591188151238839e+00
4.302766116051393652e+01 1.835039590862946284e+02 -2.202458598161871706e+01 3.789098147556359208e+00 1.368555808142291426e+02 5.139096675322178953e+00
4.955501257457555653e+01 6.562935573653554400e+01 1.070317328164532142e+02 4.368848743527974143e+00 2.017967479916363800e+02 5.492755803615750665e+00
-5.743442026740089545e+01 1.035896368291505354e+02 -2.005853156758101719e+01 3.994491613287105558e+00 1.825553340770956368e+02 4.922008116828862967e+00
5.907544881973824147e+01 6.938603863614083878e+01 1.065642622489593236e+02 4.518443546513218223e+00 1.741020605851636844e+02 6.304777641365149066e+00
7.074232656782752926e+00 1.666772194057720071e+02 -3.329113898500659730e+01 4.885736281647437451e+00 1.558838028789392922e+02 5.742117345481148050e+00
2.088059193509916867e+01 7.507784323154575112e+00 8.739351624529334117e+01 3.809404799100834182e+00 2.630141583641458283e+02 4.558977845387090611e+00
4.536069178118303569e+01 -5.759674766582187999e+01 1.076462178994995078e+01 4.134954355321962538e+00 2.023072601267685400e+02 4.582657463651599983e+00
5.165921897040399813e+01 4.149652819950248528e+01 1.139732507321028976e+02 4.837929586599960530e+00 1.423082833147810788e+02 5.677732424919852861e+00
8.473533104881941824e+01 -1.008584722628863517e+02 -6.636497304506408845e+00 4.171352348937761967e+00 1.621898887107331291e+02 5.705325661494555334e+00
1.048314364292022276e+02 -1.068193653031319599e+02 -3.323592603003039159e+01 4.628844097282266645e+00 1.464760304623251272e+02 5.304186800611418562e+00
1.134054528457049038e+01 6.154770802795556506e+01 1.075653842235174729e+01 4.886377218762957497e+00 2.228482162818450831e+02 6.012310826959819110e+00
-4.777849604857668453e+01 -4.160081884434509902e+01 -3.235233713628758778e+01 3.412529520883511136e+00 1.981028773137836083e+02 5.498298310735236782e+00
1.178817196504515721e+02 7.997381877262689898e+01 1.014755380741514017e+02 5.986096599243173166e+00 2.215929601769875887e+02 6.834327419573583029e+00
-1.560459761338266560e+02 1.254533770489052955e+02 -7.908938618893358807e+01 6.053500470018886581e+00 1.860815076787588680e+02 5.691345804049603885e+00
-7.562527137483768058e+01 7.062234060963716331e+01 3.808184960422518373e+01 3.769930021261412190e+00 1.451293905451269950e+02 5.307519765921185240e+00
-7.630404041134862325e+01 6.974548290243377302e+00 -2.160589268598443624e+01 6.118644702588878381e+00 1.925349059261722573e+02 6.826302909905507477e+00
-7.200320767338061145e+00 3.768142325981699514e+01 4.099606876767776242e+01 4.493297273104016831e+00 2.303541783862407044e+02 6.407181993575505885e+00
2.481398255829570232e+01 3.649605607623355041e+01 8.343675589855679675e+01 4.381544555968042154e+00 2.394189372209308146e+02 5.369653848080801595e+00
6.015231662500691812e+01 -6.662164274207523817e+01 8.681628100287296590e+00 4.867133504980424519e+00 1.278439967303901170e+02 6.616891617565507033e+00
3.809163955449991334e+01 -1.339519611136664423e+01 1.028521775043174529e+02 5.992806104076647600e+00 2.034909027450613053e+02 4.951605170749871832e+00
2.775662014961184454e+01 8.274404838813969931e+00 9.727516142608995153e+01 4.148368007429881210e+00 2.635344190044253310e+02 4.643393091574012033e+00
-1.006914845325734547e+02 -7.119177970490493124e+01 3.640576468661922149e+01 5.478294031153378540e+00 1.754308980767071091e+02 6.280757667023664226e+00
-2.203888860180732223e+01 1.194765170421926541e+02 -8.022200139721585188e+00 3.709002261996696692e+00 1.588055021087115790e+02 5.319925219473049083e+00
1.112514679813494922e+02 -1.111455700275800353e+02 -2.852944632969250449e+01 4.574476647192512679e+00 1.533621530886939581e+02 5.921571718284397434e+00
4.951011818814928489e+01 -9.091069059592140889e+01 -4.404866764220658126e+01 5.108168166493336493e+00 1.639205905309030982e+02 6.814261196408622823e+00
-9.017220758403743730e+01 8.031027460497254822e+01 2.529974453158312997e+01 4.076520450071338786e+00 1.725376697999599003e+02 5.238077407233205918e+00
-1.448804133226319379e+02 -2.928332174792436859e+01 3.961524165366958528e+01 5.486265802386507850e+00 1.656595605451131235e+02 5.995114182770549860e+00
8.061377871290078190e+01 -1.057583705837116241e+02 -9.300015352198856888e+00 4.084271001988573069e+00 1.577692935903561704e+02 5.708866549522284117e+00
1.128166790658133039e+02 -1.062492543593780141e+02 -2.420980682780135496e+01 4.444259339350647764e+00 1.479118910027182210e+02 5.047076592735493250e+00
4.709146120747072928e+01 -7.081769947264379539e+01 -4.492882464725645519e+01 4.173564268904625507e+00 1.686351905742096449e+02 5.556344205942878034e+00
5.680129363628923755e+01 -8.559947153315853541e+01 -3.205853322984012266e+01 4.886170996848583137e+00 1.650712800580404007e+02 6.171951951598913411e+00
-1.956740567963876458e+02 -6.151090834643228789e+01 9.275549002584831726e+01 4.231411621276441437e+00 1.580886697394851410e+02 5.433014165368618364e+00
4.768220337992253377e+01 -5.673437926061640724e+01 1.409201154382476595e+01 4.228862374230513588e+00 2.043852428625902462e+02 4.844218021297081123e+00
8.640890725571043873e+00 -3.801979801743222964e+01 7.994287252025081614e+01 3.771215185150047056e+00 2.311606530099791712e+02 4.577652838872566576e+00
-1.834390639086826624e+01 5.086653386842201741e+01 2.061654067292403170e+01 3.546510596909647095e+00 2.229361511733796988e+02 6.029892480847379943e+00
-2.650082904651070947e+01 -2.127545474307836137e+00 -2.317241279556958578e+00 3.800107636871098205e+00 2.166073117417784601e+02 5.485016126810094761e+00
5.886928125554907609e+01 -8.512838013929378178e+01 -2.927368926990633824e+01 4.910820805971755298e+00 1.680041294135355372e+02 6.186487781893447391e+00
-1.320651749859110851e+02 -2.775500913237933887e+01 2.642668835888897760e+01 6.294868526801611353e+00 1.986857065820287005e+02 6.579107958766130082e+00
-4.487786841778199687e+01 -6.683582694925009093e+01 1.663966446695639689e+01 4.593345356437294136e+00 1.626334759512936330e+02 4.843501549322013489e+00
-3.657668151540542567e+01 6.877331704792021050e+00 -4.286491988943299702e+01 4.167546641666514340e+00 2.167366777912774012e+02 6.635190941492822958e+00
-1.493749268869495950e+02 4.506122523142222747e+01 2.458375133681157365e+01 4.210162413953607796e+00 1.805494115193954485e+02 4.447005056777712184e+00
4.567432747932784309e+01 -4.846395821273659976e+01 3.673684305952397722e+01 4.609210374168507762e+00 2.015743287226823668e+02 4.862894796238094841e+00
-3.393187431892633388e+00 -3.130077414958609339e+01 4.915668689818603099e+01 3.062400027342549347e+00 2.440583127041568048e+02 4.137043558991280179e+00
-4.392584149292791551e+01 -2.911769987424362682e+01 -4.115089182110376953e+01 3.277203165709135835e+00 1.825264090481155677e+02 4.878523539255084529e+00
-9.519449393984507424e+01 3.595142669741021990e+01 1.432818288441997012e+01 6.854160588503089180e+00 1.759655079838091467e+02 6.702444825017181529e+00
-2.079285459699215011e+01 1.580111886637554903e+02 -1.309318870254059064e+01 4.160664203993740706e+00 1.824609273241808296e+02 5.381450070119640827e+00
3.478329039846828152e+01 -2.912535019520447577e+01 1.083220646477310680e+02 4.695785075546640819e+00 1.971177566836635435e+02 5.057997093591396265e+00
-6.342765987991372612e+01 1.278744573523213006e+02 -3.642482122810812228e+01 3.668101234711911740e+00 1.818199659003377917e+02 5.444346869512799003e+00
-7.852262046271347629e+01 7.302252376058895322e+01 3.936570701450290244e+01 3.794758571634597288e+00 1.462664007897917600e+02 5.334643337425447385e+00
2.364247788040993115e+01 1.330521076325661056e+02 -1.517860393832986787e+01 4.877940347987968828e+00 1.623801404113200135e+02 5.674547879035429787e+00
1.057893033947297852e+02 9.282361355519316248e+01 9.849825863379878399e+01 5.203083956768362661e+00 2.246379309021519646e+02 6.696503606521730489e+00
-1.833002674160980234e+02 5.729487234497267423e+01 5.436310169629632583e+01 4.484661222147595439e+00 1.932268097340532051e+02 4.867701748934180728e+00
-1.499561349705457758e+02 4.746012949086771471e+01 2.153439829852968046e+01 4.142870144781351627e+00 1.738805912113252248e+02 4.116293941717216853e+00
1.047331254133719369e+02 9.644055721115441315e+01 9.772696748887469198e+01 5.117558236150441253e+00 2.046712241620692225e+02 6.241811331938308172e+00
-1.719821273099387611e+02 -3.300785265342149444e+01 7.813192177863383847e+01 4.539031840029985609e+00 1.380993392453417812e+02 5.180188756555452301e+00
-1.324601378709721757e+02 2.974209926667295889e+01 2.775096998096998036e+01 4.905753238299511487e+00 1.747979619446405195e+02 4.647946597262418322e+00
-4.730281753710214332e+01 2.409572813139972958e+00 -3.246145121216517992e+01 4.931722673667555235e+00 2.089054810195271159e+02 8.100610728660257109e+00
5.211449948540566091e+00 4.798080760822758606e+01 5.841933926712611935e+01 5.158098001164308499e+00 2.293053586377779993e+02 6.381964481966633684e+00
7.867864279522413540e+01 7.952516087391919086e+01 3.640924831447975407e+01 5.806111616613033988e+00 1.703001688196462169e+02 6.387667365059371605e+00
4.195879713616545814e+01 -3.301475061309798775e+01 5.146795967240728942e+01 5.216321955625044637e+00 1.807629663399004869e+02 4.969876940957448141e+00
4.416038346795973979e+01 -5.897050623941311898e+01 1.826117823254633876e+01 4.201316679696283529e+00 2.000785845611668776e+02 4.566022474451841617e+00
5.954354696597598640e+00 1.660304105933603864e+02 -3.759159794075997496e+01 4.919536283551319222e+00 1.573378212636745559e+02 5.945952128791248015e+00
-1.554717921916201817e+02 -3.308978067471287687e+01 4.833799210918451195e+01 5.143582013647495010e+00 1.643256751089129182e+02 5.933331488243680951e+00
-1.093999625253311621e+02 1.687223104951865693e+01 1.872101825074809511e+01 5.358057846368513566e+00 1.765150064442114228e+02 6.620902513867747530e+00
5.485250708619251725e+01 7.610553483309459466e+01 9.847214449930599756e+01 4.169568832433055761e+00 1.593239702618535603e+02 5.705935512603005577e+00
-3.599195274354846674e+01 8.510404666651696459e+01 -5.326531156793834043e+00 4.057335047070485423e+00 1.867767316878630766e+02 5.888721139923902115e+00
-1.299539627467120226e+02 2.069375810128948956e+01 4.773677438049905675e+01 5.317335861886228088e+00 1.547549999192271741e+02 5.612318693038020001e+00
4.258179097632283572e+01 4.877228264183342077e+01 5.117845625987355618e+01 4.626827095896934416e+00 2.190189204155659297e+02 5.362150188345808033e+00
3.904577007685289658e+01 -1.934033881765565610e+01 8.330480168219017401e+01 5.590524429371128257e+00 2.014481260771615894e+02 5.204615797700370194e+00
-1.562557069339595444e+02 5.255926371802516428e+01 2.197837117216125336e+01 4.503668927285439771e+00 1.922792955572700180e+02 4.849831871475075218e+00
5.118370516227020772e+01 6.826909394499809025e+01 1.106579722352211945e+02 4.321647186328073431e+00 1.611459276556500413e+02 5.938148175200353762e+00
9.680766978597903005e+01 8.493745474401538331e+01 1.021057946405969261e+02 5.060858267558573154e+00 2.198830598295375580e+02 6.812046047597362985e+00
3.638268368370612649e+01 -2.861931137196247832e+01 1.027597751225091685e+02 4.627401358558782540e+00 2.029377921925830037e+02 5.088940311923920490e+00
1.866859529660659121e+02 -5.730416759231852097e+01 1.632779056733307144e+01 4.516583881707507686e+00 1.726416737059740001e+02 6.344889686009068441e+00
3.962523816156632250e+01 -4.735608678220717138e+01 2.241590290174075051e+01 4.692498899006007029e+00 2.028403066454002328e+02 4.779879045468206300e+00
-3.074849514274380624e+01 -5.594896374892338287e+01 8.865929084839232033e+00 3.578278731687515979e+00 1.825635437320386814e+02 4.637777757610564322e+00
-1.719508536443825335e+02 1.982349411286080354e+01 4.476258237843784116e+01 3.861947554594907128e+00 1.771333607765629381e+02 4.180085053969932574e+00
1.558764131699572708e+01 2.532920061255785527e+01 1.207490506271199564e+02 4.113288467124787573e+00 2.722317532911985722e+02 5.767490949055712690e+00
3.052938146840095257e+01 -3.055416855977618340e+01 9.086065729953396897e+01 4.596222759621205967e+00 2.195093164309888891e+02 4.683477364389943887e+00
1.649587682287091468e+02 7.541526864045189882e+01 7.054545996430131538e+01 5.163560979308936538e+00 2.215855365316066923e+02 6.918135540938365580e+00
3.412276552593522894e+01 7.567719671357276923e+01 5.907805809500019478e+01 3.772159820507042571e+00 1.954409053908623548e+02 4.605775003043078186e+00
2.787312087449600995e+01 6.879883284437450186e+01 3.528584983373692552e+01 4.005318812691548658e+00 1.931682168473892887e+02 4.716493129306996934e+00
-7.743237840465738486e+00 2.112295046156559764e+01 5.508917609857122955e+01 3.674814459212898399e+00 2.344203702752813285e+02 5.596685598487127322e+00
-7.343934453981046317e+01 2.648803175600248849e+01 6.391557294806391454e+00 4.907446458323204475e+00 1.846429256700618851e+02 6.354762771748326600e+00
-7.943952761840463950e+01 3.461776139107100647e+01 2.598522285707273838e+01 6.022661937047899983e+00 1.829481552243695148e+02 6.381718715881575577e+00
1.662119563275975764e+01 1.130627793471842324e+01 7.632685678813312791e+01 3.790368440428981245e+00 2.647114419514199994e+02 4.537419374710765396e+00
2.141701401011987826e+01 7.382588700174331997e+00 8.920590054842976713e+01 3.803448867885140139e+00 2.633817524051352734e+02 4.600227689065718550e+00
-3.237375508994541207e+01 -1.367448280981505349e+01 1.679492780645479044e+01 3.416028160100835986e+00 1.915182171491787813e+02 4.852011586156265821e+00
-6.425391379954942295e+01 -4.691386903820040644e+00 -2.656210405893674675e+01 4.737175777953190448e+00 2.000711061098028551e+02 6.522515034755684837e+00
-1.047761643091216399e+02 6.340051531480380476e+01 -3.392266583465240615e+01 3.784864733975307871e+00 1.662776292830758393e+02 4.548338779017356615e+00
-1.181010424588238834e+02 5.432017879077550759e+01 -2.235322213161498794e+01 4.792607593005875799e+00 1.668875294921702732e+02 4.614326875298516484e+00
-1.708998649377318770e+02 1.094864608510710902e+01 5.103765089367453811e+01 4.058414314162811287e+00 1.984309955626892474e+02 4.547679092727619832e+00
-8.912171994553135335e+01 -2.465130927874525639e+02 1.023566870843341832e+02 7.854841677224663421e+00 1.730058597273514351e+02 7.176960587797381663e+00
6.762548749575201157e+01 -2.179972649070052171e+02 8.247329404086383420e+01 7.798979470294686855e+00 1.391376656409040322e+02 6.772878419210414336e+00
3.843462905992050338e+01 -2.022102892946095380e+02 2.418781680920773880e+01 7.518510516997840121e+00 1.590009119470703070e+02 6.102464537391341537e+00
-1.937095736049969830e+01 -2.150679181807464033e+02 1.198014342015006406e+02 8.835661027349175356e+00 1.573003814362825779e+02 6.985943594425620518e+00
4.022796379324901039e+01 -1.979633800100970689e+02 2.654627399189126891e+01 7.510824293773509019e+00 1.622944469167075283e+02 6.453518547636122094e+00
-2.042923708415088413e+02 -1.390023828340013381e+02 4.731579728063865531e+01 4.734798092328841967e+00 1.543535794855435199e+02 7.038618586108299269e+00
2.198069904519656461e+02 -1.219003195237331596e+02 5.876338993145198231e+01 4.592394106133923515e+00 1.496988977915335397e+02 5.607433967043675693e+00
-1.808732603896502766e+01 -1.748467995729297684e+02 3.880148978064993770e+01 6.958717707759115356e+00 1.691886225489172659e+02 6.182007223264108120e+00
-1.938670394422830441e+02 -1.536924046151755476e+02 5.247678334984480131e+01 4.922719129515023440e+00 1.578694080561525368e+02 7.027973192913066214e+00
1.200091236765291036e+01 -1.662534506815555346e+02 1.615889331148897057e+01 6.537454608917761867e+00 1.746089917501386708e+02 6.209821210604772546e+00
-2.126637458985204319e+02 -1.313408504248632482e+02 5.089136014897964344e+01 4.951892646554038713e+00 1.541760276437293840e+02 7.023262919128839599e+00
8.335405568004085808e+01 -1.392658628261429214e+02 1.576548913759938664e+01 5.065129265417304794e+00 1.581181441201483153e+02 5.754237626554626672e+00
2.198069904519656745e+02 -1.219003195237332022e+02 5.876338993145198941e+01 4.592394106133924403e+00 1.496988977915335397e+02 5.607433967043661482e+00
2.332085518223368013e+02 -9.713297622377100993e+01 3.631111381187034937e+01 4.062805404818638166e+00 1.518762654268269898e+02 5.556387807907441356e+00
-1.953587413662549110e+01 -1.687884212891902678e+02 4.139196743854277116e+01 6.854243370883545516e+00 1.821404060059162191e+02 6.073669037433617746e+00
1.016027738303169770e+01 -1.588329971157623675e+02 1.599051925101609939e+01 6.111580214477581485e+00 1.698204566593789480e+02 6.049584225086604761e+00
-2.135943786260707782e+02 -1.301764609973596407e+02 5.565498797915562790e+01 4.942743838506179266e+00 1.666083431284280039e+02 7.098576596447571774e+00
-1.623277598126115251e+01 -1.682966509382013953e+02 4.445051473802187303e+01 6.953258592378383618e+00 1.787949663720989690e+02 5.943651037327583708e+00
2.215118861269440060e+02 -1.214362125357134516e+02 6.210930758255388895e+01 4.650423977116982854e+00 1.500234648313389698e+02 5.985840850447559092e+00
-1.623277598126115251e+01 -1.682966509382013953e+02 4.445051473802188013e+01 6.953258592378383618e+00 1.787949663720989690e+02 5.943651037327597919e+00
-1.968024992506748845e+02 -1.433616218483175828e+02 6.238969606810631063e+01 5.056509073205931237e+00 1.687736353818332589e+02 6.677839970549385384e+00
-1.286145750899638642e+02 -1.486149052776107737e+02 6.668743919961160316e+01 5.765415198651865580e+00 1.715517414659495614e+02 6.284449166534571418e+00
2.632688875857434141e+01 -1.298625206243166019e+02 -1.250458649521847754e+01 6.321294697007413532e+00 2.095121476191774548e+02 6.344387485583226294e+00
7.077074892897880609e+00 -1.339343415422519570e+02 3.726252338175069401e+00 6.784584025979276234e+00 2.043206976789184637e+02 6.038019332154149765e+00
-2.148371387713874583e+02 -1.224864145472744923e+02 6.782098979024337382e+01 4.698370805791168614e+00 1.618151028180002697e+02 6.843374512040725222e+00
2.287254333362407124e+02 -9.912844253741032219e+01 2.901614292955036234e+01 4.080519973326242500e+00 1.568393764333434319e+02 5.811184983123609982e+00
-2.148371387713874583e+02 -1.224864145472744923e+02 6.782098979024337382e+01 4.698370805791168614e+00 1.618151028180002697e+02 6.843374512040725222e+00
-1.973343251692411400e+02 -1.060503438602244728e+02 5.972076071829857113e+01 5.530371247721726391e+00 1.890189408498524131e+02 6.824704461930195976e+00
2.398396555841236193e+02 -8.886990457697709189e+01 3.500739556007557951e+01 4.336968518118458071e+00 1.611022268623248976e+02 5.933491412705564017e+00
-6.820189825406073680e+01 -9.861534936011635466e+01 5.798055477551735493e+01 6.136278009140598400e+00 1.940509211521552970e+02 6.121703708744064443e+00
-1.958890842281078051e+02 -8.656557461958480815e+01 6.401018977980606905e+01 4.839018431154683775e+00 1.717781927370293431e+02 6.554193680033478131e+00
2.008950397353552546e+02 -7.783928811566357808e+01 3.484362500458625078e+01 4.012465717514318797e+00 1.470953432301648149e+02 5.409670507104053172e+00
-2.263318780962192420e+02 -8.410947681348602600e+01 7.302518193012659253e+01 5.124464717698462124e+00 1.694491885492521135e+02 7.291881831558328031e+00
-2.497469904028124290e+02 -9.053308676120191478e+01 6.252420113278148506e+01 4.430983971906335306e+00 1.593165010286128336e+02 7.485151416074984354e+00
2.809561769035245788e+02 -6.793111439916222594e+01 3.678499805310504200e+01 5.238264661960698731e+00 1.543215474261452300e+02 6.163757488728933254e+00
2.110114351388387490e+02 -7.829765896746063447e+01 3.802812430787402320e+01 3.916080675111930365e+00 1.505790158023354763e+02 5.256038220265949690e+00
2.082027777462974711e+02 -8.032366830427365301e+01 3.239975364595687068e+01 3.975655888877212440e+00 1.801763788624912763e+02 6.062015326726665876e+00
2.121645269531460656e+02 -7.638769595203420693e+01 3.659853307961801505e+01 3.975655888877212440e+00 1.846124318674124254e+02 6.140736787035734778e+00
2.471653105636428052e+02 -3.779333641244774356e+01 2.063830868415644559e+01 4.832168716675742104e+00 1.700760418165945111e+02 6.028781495213110020e+00
-9.111063305458530692e+01 -3.635580874152815056e+00 -3.083259809031133969e+01 5.161090215425618410e+00 2.046461030657559377e+02 6.762522673797036532e+00
-2.090452390391304789e+02 -6.363805426306627488e+00 6.063518986781338072e+01 4.686604909555036613e+00 2.001422681494341589e+02 6.289384916118990532e+00
-9.132990632087630445e+01 3.481376328060219461e+00 -1.911471912849764010e+01 5.448080378234300802e+00 1.777763974772803977e+02 6.848925069211887262e+00
-3.104415499988950273e+02 8.202445312437018288e+01 4.392436620734938657e+01 4.110324785205550668e+00 1.400597997285445047e+02 7.816306690703825666e+00
2.856981542778478911e+02 -8.564480165862621064e+00 2.398588549318066754e+01 5.379581724773451867e+00 1.464750746714266256e+02 6.145155204915468516e+00
-3.104415499988949705e+02 8.202445312437016867e+01 4.392436620734939368e+01 4.110324785205549780e+00 1.400597997285445331e+02 7.816306690703811455e+00
-3.182044968933122391e+02 9.670947924695363440e+01 4.094237506275500493e+01 4.425404713159225345e+00 1.428860647509056321e+02 7.989643520553613598e+00
2.722278089551330709e+02 2.960819758665497403e+01 1.780053742067604716e+01 5.770694038251928504e+00 1.880013563780857453e+02 6.466216233946028069e+00
-3.122130617332600195e+02 9.169258694792658559e+01 5.435431598303792811e+01 4.251207369371860167e+00 1.515556910841688136e+02 7.521895603971984201e+00
-2.086516315638340018e+02 4.823744502446413662e+01 6.268553659095784525e+01 3.588259251448056908e+00 2.057660018078788369e+02 5.830556208317744904e+00
-3.182044968933122391e+02 9.670947924695363440e+01 4.094237506275501204e+01 4.425404713159225345e+00 1.428860647509056321e+02 7.989643520553613598e+00
-1.996382381948832858e+02 6.792495099765034183e+01 5.495253875750833572e+01 3.802983846541835522e+00 1.943457936256918401e+02 4.618875939179574175e+00
1.921334946683701901e+02 7.517406428187334200e+01 9.499494762095834233e+01 5.410781050988828333e+00 2.260568512564925356e+02 6.995454808106899236e+00
2.742764075704369020e+02 3.617629972791200288e+01 1.713803297366367673e+01 5.805958618522288894e+00 1.672712990922232166e+02 6.364416426086435763e+00
1.729748391600311095e+02 7.380968643237054039e+01 7.090082514078930842e+01 5.479925171931008698e+00 2.273504508462650904e+02 7.070506903107457219e+00
-3.182044968933122391e+02 9.670947924695363440e+01 4.094237506275499783e+01 4.425404713159224457e+00 1.428860647509056605e+02 7.989643520553599387e+00
-3.097732892204458039e+02 9.739471471317828843e+01 5.144416421966113973e+01 4.224359497313531442e+00 1.739357927512333504e+02 7.442166647347136177e+00
-3.182044968933122391e+02 9.670947924695363440e+01 4.094237506275499783e+01 4.425404713159224457e+00 1.428860647509056605e+02 7.989643520553599387e+00
-3.182044968933121822e+02 9.670947924695364861e+01 4.094237506275500493e+01 4.425404713159225345e+00 1.428860647509056605e+02 7.989643520553599387e+00
9.624206030068845052e+01 1.083498306948693539e+02 7.307744265890700319e+01 4.406454636957738202e+00 1.672612552266662647e+02 5.492079229536045659e+00
1.224699035453480889e+02 1.146044079394479809e+02 1.063626003172536514e+02 5.317871709208596975e+00 1.975786615502797758e+02 6.396989034044437972e+00
2.006042524476832227e+02 9.232032073011797024e+01 8.125624361798053030e+01 5.618269270837304319e+00 1.966640472989407442e+02 6.819046245229216652e+00
1.336295324200038692e+02 1.184731910471473384e+02 1.194841518675317502e+02 5.412256088081004890e+00 1.978725031428065790e+02 6.421187653361457137e+00
7.773572858637486149e+01 1.130467149956204196e+02 1.120185652289650946e+01 5.035396277917164376e+00 1.371834538127685335e+02 5.499479555651419105e+00
1.039818650731727132e+02 1.171970802193565930e+02 8.426385721581982580e+01 4.603373887347245841e+00 1.627246447223038217e+02 5.525432098265440573e+00
8.059435589367159025e+01 1.178931008703834351e+02 1.247228695794364306e+01 5.055912107023187829e+00 1.358479296861015655e+02 5.427057644710075124e+00
2.750956479682074587e+02 5.767336242345665909e+01 2.910262467583239498e+01 6.244119719595494722e+00 1.769282057785021607e+02 6.660933247404344115e+00
-2.152629821622724364e+02 9.974859499689246434e+01 4.562117226162959582e+01 4.595628127379059791e+00 2.066639784771405175e+02 5.767790206669687336e+00
2.750956479682074587e+02 5.767336242345665909e+01 2.910262467583239143e+01 6.244119719595494722e+00 1.769282057785021607e+02 6.660933247404344115e+00
-2.152629821622724364e+02 9.974859499689246434e+01 4.562117226162961714e+01 4.595628127379059791e+00 2.066639784771405175e+02 5.767790206669687336e+00
6.215725730259402582e+01 1.441170361886397870e+02 -3.578768365400895846e+01 5.088790441682411902e+00 1.290499903138315005e+02 4.811935839487603062e+00
2.196691448052343958e+02 9.924541270503887347e+01 9.624673145929071438e+01 5.708817396282181988e+00 1.794973189214813942e+02 6.422187863175508937e+00
7.324955434346490790e+01 1.606467755595525944e+02 -4.012732568764611152e+00 4.457409375781313798e+00 1.376824153623112466e+02 4.712497188143785820e+00
1.087788999396300227e+02 1.416653773486673060e+02 9.795518722682481894e+01 4.541209736404636210e+00 1.949766909145808427e+02 6.241821321713644011e+00
5.568552763360568036e+01 1.656457223655280018e+02 -1.238645681707820678e+01 3.937924024768611808e+00 1.270877649500533124e+02 4.701703462819899926e+00
9.901202612254149926e+01 1.537181946885831110e+02 8.069409112398886919e+01 4.020201569253112339e+00 1.522448685506345782e+02 5.298478271767322667e+00
-3.098667883773183007e+02 1.057613872589019905e+02 2.834056845040319317e+01 4.224359497313530554e+00 1.663359477082449587e+02 7.669446160979219940e+00
9.353688929663736928e+01 1.598865382718581145e+02 7.543303788471394000e+01 3.798890534066881042e+00 1.449834042226902682e+02 5.179701088288126698e+00
2.330193735342844832e+02 1.019995649850125545e+02 9.101050044120590599e+01 5.609786377340906682e+00 1.760020170338965215e+02 6.102295755537298305e+00
2.644876226775632517e+02 9.063773252592731922e+01 2.581425936649716846e+01 6.976218007055800641e+00 1.685812192979989277e+02 6.305509887104278732e+00
9.348700600041931352e+01 1.610796939511980952e+02 7.287543854796095388e+01 3.803085499748554810e+00 1.398656855701211725e+02 5.005698700612867924e+00
-1.935790030665018833e+02 1.297233655007880486e+02 -2.874481164385892029e+01 4.534360523895224482e+00 1.984999433249289496e+02 5.805998539138059300e+00
-2.482920887135696546e+02 1.275451211082599769e+02 6.461965758947669336e+00 4.612141538737466462e+00 2.007922994041354912e+02 6.583860112850487667e+00
1.780713983498372102e+02 1.427307993187148156e+02 1.185030880595910361e+02 6.192181370781412397e+00 1.749505358665700498e+02 6.520672803536157858e+00
-2.309662591665258446e+02 1.337829056296313581e+02 -1.954393482981542718e+01 4.367832978707006930e+00 1.962921037637530617e+02 6.005592368226402300e+00
7.327616332466654114e+01 1.775808641097800660e+02 1.372940182119645769e+01 4.159078017476788069e+00 1.259878565576857596e+02 5.403526900425298152e+00
2.545835573254997541e+01 1.909746355787366383e+02 -2.585724717176689680e+01 4.125190892222255989e+00 1.424127452161498297e+02 5.447410729735622681e+00
2.953785057440491713e+01 1.957825953156712444e+02 -2.227384158498944089e+01 3.915114759637611908e+00 1.275786032217001491e+02 4.916065719512118903e+00
5.811117561128141773e+01 1.922671347630797243e+02 -1.903230986126960289e+01 3.813363003610770630e+00 1.163629666173907822e+02 5.371172025287307861e+00
8.584788571620849496e+01 2.061179602247643459e+02 1.263082038741382540e+01 4.834101003648258121e+00 1.217038516235209329e+02 6.402256214341079499e+00
-2.651286175557185487e+01 2.147611897583575455e+02 -5.654169816541016758e+01 4.897666732230675279e+00 1.350109162253185957e+02 5.585563907832380437e+00
1.550263958688450145e+02 1.745990615636181928e+02 1.112367134137660827e+02 5.060634704802513539e+00 1.440900673190209886e+02 6.557351800474108927e+00
-6.395999717736263079e+01 2.065325034423034651e+02 -6.813045446712615671e+01 5.508081752728406499e+00 1.490641137229212632e+02 5.768923829935658887e+00
-2.836266976608557400e+01 2.226876628865983605e+02 -6.143063488004951722e+01 5.181392725222923268e+00 1.344531423954085199e+02 5.560665835995536099e+00
-4.218383793089412137e+01 2.662459880647101613e+02 -8.657232732444158785e+01 4.300934223323195305e+00 1.446920523041953288e+02 5.630957631580457701e+00
-1.734569366101981984e+02 1.870956767702559489e+02 -1.439376301125211199e+01 5.670896273990325476e+00 1.587820518824467229e+02 5.602885605428028271e+00
-6.644491701128798944e+00 2.683756894572227338e+02 -5.924099646613800729e+01 4.020139161323705856e+00 1.218751307691606058e+02 5.730431997971997760e+00
2.128828755641721671e+01 2.693640859571150941e+02 -3.862449789891653040e+01 3.591840164973855387e+00 1.052558193165584584e+02 6.327216285102487348e+00
-5.224456082858457506e+01 2.830840397107327249e+02 -8.661911475094365187e+01 5.112630106403604380e+00 1.543115274371943997e+02 5.892776304692802114e+00
4.926374232883334514e+01 2.747047807938894834e+02 -2.894350160826342133e+01 3.887963340983333183e+00 1.080142930356904145e+02 6.294237172746832698e+00
6.312853554716575388e+01 2.735726705150215707e+02 -1.901590294060786945e+01 3.925735833438102507e+00 1.284170062725338539e+02 6.586884248788038576e+00
1.911765018270675398e+01 2.720569392822749251e+02 -3.919440559142277181e+01 3.620563518302346573e+00 9.989167883262348369e+01 6.311665638569593284e+00
5.338117675076807700e+01 2.846353318176556400e+02 -2.679261308987305767e+01 4.164523400766668715e+00 1.244795565544800553e+02 6.580254235103346616e+00
9.268605925427368675e+01 2.770105395227195686e+02 -9.433271606627270600e+00 4.542108124695485749e+00 1.237118729144458484e+02 6.722850350360658922e+00
1.151706461216092947e+02 2.184399342381205145e+01 4.103756986974214982e+01 9.768506588444132888e+00 2.096952789168130096e+02 7.572029083179231179e+00
-1.956740567963876458e+02 -6.151090834643228789e+01 9.275549002584830305e+01 4.231411621276441437e+00 1.580886697394851410e+02 5.433014165368604154e+00
2.431543846058172065e+01 -8.309565169781777172e+01 -1.340419569848335613e+01 3.849499626454107482e+00 1.795446741064741332e+02 5.618241622017862369e+00
-5.115473045591909340e+01 -3.154256678915935552e+01 -4.983092030656643345e+01 3.829657403398661231e+00 1.948990700336971713e+02 6.020883461091273148e+00
-4.159486140297876489e+01 -1.499073947493494785e+01 -2.466104249902139500e+01 3.810339923582542365e+00 1.960512943084028734e+02 6.189619841570348058e+00
1.141414439102862843e+02 1.383457514248836162e+02 1.133627627164745775e+02 4.806261050707311355e+00 1.946206566631610144e+02 6.281792507796069458e+00
1.802778923512673614e+01 1.165602751043022955e+01 8.357627762100058533e+01 3.849117747439191994e+00 2.635280772517418200e+02 4.755673778602016455e+00
-8.829777563805326679e+01 6.043650586288246274e+01 -4.132139033693581709e+00 4.632987727825843116e+00 1.610226381599804881e+02 6.074563141073952011e+00
6.344400952959799156e+01 -9.953161664546287568e+01 -3.098017591639325019e+01 4.475146373700217950e+00 1.653990553177375205e+02 6.364564432164200980e+00
4.146109144144323722e+01 -5.757660104025377201e+00 1.292180759489521336e+02 6.297060580971684196e+00 2.057450120902083768e+02 5.064281011024178270e+00
3.820401663075232079e+01 5.214205265381804111e+01 4.577408643655999043e+01 4.579493942721320821e+00 2.191117066703648391e+02 5.360667996608682984e+00
2.856741567241871849e+01 2.132654655786276976e+01 1.400036386026015123e+02 4.578634794403065200e+00 2.625861001652600635e+02 4.939967207599579524e+00
2.517684693412539900e+02 1.794901567342292310e+02 3.839286817917751904e+01 9.502840460295262304e+00 1.618424851514583054e+02 7.028316831922225560e+00
1.632470477396662147e+02 1.573188717713285598e+02 1.212442048540125512e+02 5.222096340499422951e+00 1.675038730895497849e+02 6.532402490298068187e+00
