-7.295059513003352869e+00 2.634377046442286385e+01 7.655363269507137147e+01 1.177053582295913969e+01 1.270181089451421457e+02 8.414392484747530432e+00
-7.295059513003352869e+00 2.634377046442286385e+01 7.655363269507137147e+01 1.177053582295913969e+01 1.270181089451421457e+02 8.414392484747530432e+00
-7.295059513003351981e+00 2.634377046442287096e+01 7.655363269507138568e+01 1.177053582295913969e+01 1.270181089451421457e+02 8.414392484747530432e+00
-7.295059513003352869e+00 2.634377046442287096e+01 7.655363269507137147e+01 1.177053582295913969e+01 1.270181089451421457e+02 8.414392484747530432e+00
-7.295059513003351981e+00 2.634377046442287096e+01 7.655363269507137147e+01 1.177053582295913969e+01 1.270181089451421457e+02 8.414392484747530432e+00
-7.295059513003351981e+00 2.634377046442286385e+01 7.655363269507137147e+01 1.177053582295913792e+01 1.270181089451421457e+02 8.414392484747530432e+00
-7.295059513003352869e+00 2.634377046442286385e+01 7.655363269507137147e+01 1.177053582295913969e+01 1.270181089451421457e+02 8.414392484747530432e+00
-7.295059513003351981e+00 2.634377046442286385e+01 7.655363269507137147e+01 1.177053582295913792e+01 1.270181089451421457e+02 8.414392484747530432e+00
-7.295059513003354645e+00 2.634377046442286741e+01 7.655363269507138568e+01 1.177053582295914147e+01 1.270181089451421457e+02 8.414392484747530432e+00
-7.295059513003352869e+00 2.634377046442287096e+01 7.655363269507137147e+01 1.177053582295913969e+01 1.270181089451421457e+02 8.414392484747530432e+00
-7.295059513003354645e+00 2.634377046442286741e+01 7.655363269507139989e+01 1.177053582295914147e+01 1.270181089451421457e+02 8.414392484747530432e+00
-7.295059513003354645e+00 2.634377046442287451e+01 7.655363269507138568e+01 1.177053582295914147e+01 1.270181089451421457e+02 8.414392484747530432e+00
-7.295059513003354645e+00 2.634377046442287451e+01 7.655363269507138568e+01 1.177053582295914147e+01 1.270181089451421457e+02 8.414392484747530432e+00
-7.295059513003352869e+00 2.634377046442286385e+01 7.655363269507137147e+01 1.177053582295913969e+01 1.270181089451421457e+02 8.414392484747530432e+00
-7.295059513003351981e+00 2.634377046442287096e+01 7.655363269507137147e+01 1.177053582295913969e+01 1.270181089451421457e+02 8.414392484747530432e+00
