8.751288440167466831e+01 1.602169153476780750e+01 -1.234620437932461527e+02 5.121853641706561433e+00 2.940306574151749714e+02 5.607523447651715287e+00
1.623289338345982742e+02 9.546026767600841456e-01 5.358723232880139165e+01 7.866535188285807223e+00 2.283882385325479163e+02 6.610216334730026233e+00
1.234345168449025465e+02 -7.778161204857442002e+00 -1.146110908963196273e+01 5.435034231706137753e+00 2.679900138064849671e+02 6.246238367184304252e+00
2.932610963924852285e+02 2.225131372627666249e+00 -1.388696151158566181e+02 4.339514314881056656e+00 2.101067585776335704e+02 6.061254648392406352e+00
1.039191733704798395e+02 1.046549264550131308e+00 -1.066630914898753559e+02 4.533717947973681106e+00 2.736037782999350156e+02 5.372236045160718731e+00
9.966951595261153329e+01 4.370154892448081085e+01 -9.089388740123256127e+01 5.263041002578485283e+00 2.774177851184022643e+02 5.925636081092761742e+00
2.177665311959353858e+02 3.188700167245133699e+01 -9.368586188609234000e+01 1.016510280295458735e+01 1.838576283432373657e+02 8.302527608285672045e+00
5.209211890511716803e+01 2.245041530955492703e+01 -1.142640028060455393e+02 6.122441932636935924e+00 2.766172219873520248e+02 6.724324920894787283e+00
2.014660702616413062e+02 -4.153671299793709437e+01 -1.581490834989606409e+00 7.548830370900867059e+00 2.086915127646546182e+02 6.822952681869338676e+00
5.504709403675553148e+01 3.882069373530774925e+01 -1.209818296946789928e+02 6.092999123873876322e+00 2.514585254072726741e+02 7.016007927750010253e+00
1.269086150860593278e+02 -3.660965978796347287e+01 -7.431208930411807501e+01 4.423103721608285355e+00 2.507816729747212037e+02 5.846474804055318941e+00
1.653458649543869399e+02 6.215209772542797850e+01 -7.121840541199833297e+01 8.250167392552006262e+00 1.944299038214029451e+02 8.976676172683710320e+00
1.504171637764862055e+02 2.685446711073155868e+01 -9.034457920590563162e+01 9.527298530881848748e+00 2.426084087578169601e+02 7.696774299549616671e+00
1.057070889903588125e+02 1.403080394901220131e+02 -1.993910526226029845e+02 6.963817572813842283e+00 2.525100790067596677e+02 7.629098840189470820e+00
2.325384096940644270e+02 -1.984777779427019162e+00 -8.350019435980779292e+01 8.107164420621963075e+00 1.944934703274122967e+02 7.378739745610275236e+00
1.116405967211399570e+02 1.526144256587645742e+01 -9.031567455245462384e+01 5.738145003475283445e+00 2.681193530873890722e+02 6.903873709553550952e+00
4.403089764918163951e+01 3.111193028015412665e+01 -8.759180738855172876e+01 6.516217498273472408e+00 2.962116810660916713e+02 1.055786632835332739e+01
1.853856371039054238e+02 -1.093366595512451589e+01 4.081450259351803567e+01 8.270949884859945200e+00 1.771692058457112466e+02 6.747877769718414243e+00
2.048996188755480432e+02 1.037997276551783585e+02 -9.505578167186291694e+01 9.969906550192066064e+00 1.907627846305458093e+02 7.999336062892439259e+00
2.067903897624390197e+02 1.795676220142571466e+01 -6.260367094976252389e+01 9.048711136293004387e+00 1.823055882303117983e+02 8.062309951714880185e+00
4.730049393650578082e+01 2.655847153905464353e+01 -1.270812325838800092e+02 6.116606851237029296e+00 2.791514418734032006e+02 7.418520021915526286e+00
1.057070816106984807e+02 7.895252170516024570e+00 -1.161270162850511412e+02 4.500827028325111279e+00 2.691535760490653502e+02 6.323132131583804494e+00
1.104165377858898296e+02 -2.625699212479937117e+01 -8.401016904910636640e+01 5.094509023267447034e+00 2.911473166628880449e+02 6.381505697291771639e+00
2.145987212828557347e+02 -2.712109633547383325e+01 -6.901766407617037657e+01 8.670507135125328446e+00 1.868425540394906932e+02 7.898822170889090444e+00
6.729054651093098016e+01 1.994036586214958717e+01 -2.228989370976634348e+02 6.427362065562594040e+00 2.738532955799510091e+02 5.488502387244068359e+00
7.991572250105602393e+01 1.116266582226385395e+02 -2.344792466330860066e+02 6.478523132840085630e+00 2.301998913987580693e+02 8.944945368330806446e+00
1.441292817139418503e+02 -8.163457624956635073e+00 1.240776020772624477e+01 5.947489290877249424e+00 2.426878447718385416e+02 6.599922718095001528e+00
9.680904843555133255e+01 5.119586649542410584e+01 -1.549542503603889543e+02 5.432710552859903785e+00 2.660407111703019041e+02 6.160630454609531625e+00
1.180130900778838878e+02 -9.670287666040458419e+00 -8.250690579114360546e+00 5.345278730726482408e+00 2.749109446711789246e+02 6.256122534135641899e+00
2.851971114344402736e+02 -7.070530099407662306e+00 -1.564533426476337468e+02 4.152732057655942555e+00 2.031618751144023065e+02 6.490737154538180675e+00
3.678841562891707184e+01 3.710387590487055576e+01 -5.081548490618845193e+01 6.669058793877979952e+00 3.093302604014033363e+02 1.056919394231653087e+01
2.932610963924852285e+02 2.225131372627668025e+00 -1.388696151158566181e+02 4.339514314881056656e+00 2.101067585776335704e+02 6.061254648392406352e+00
9.572476571861939476e+01 -7.927535919847937151e+00 -1.375902011905011477e+02 5.065614447071790316e+00 2.777811143688497850e+02 6.107770392137183535e+00
1.293697410740423663e+02 -4.712750136849362725e+00 -9.599876978898178592e+00 6.245317820123725383e+00 2.794818911843842670e+02 6.549080981733936824e+00
8.417741832489571152e+01 1.039729556046323040e+02 -1.851287718296552498e+02 6.761310853610690508e+00 2.646489892291296542e+02 8.867210170100207733e+00
5.782792235457542063e+01 1.792524855166656295e+01 -1.767203203971792789e+02 6.379126766595117459e+00 2.509724038614604353e+02 6.459752914425976655e+00
1.132648882631711302e+02 8.579984221337723227e+01 -1.378088087517228360e+02 7.694949231360993736e+00 2.490431890255182168e+02 9.026935992072722570e+00
2.443827833169712562e+02 3.983815175272205522e+00 -1.483707752505501105e+02 8.821557891176903254e+00 2.017306310405041074e+02 6.730397684317580342e+00
1.869011535459800939e+02 -1.859898114933587365e+01 3.904668734786396556e+01 8.568054808034993641e+00 1.818423699251634957e+02 7.498360225353366104e+00
2.899855478861034612e+02 1.672180006483960568e+01 -1.389032291960640464e+02 4.387067444525545312e+00 2.112536094366200530e+02 6.164907295595526193e+00
1.738110500052561349e+02 1.106791434258835523e+02 -1.456851409401008652e+02 9.932522874850910455e+00 2.359053782769693441e+02 7.581556687106683512e+00
2.073972466787062672e+02 9.992722020095467883e+01 -9.622986485215098185e+01 9.833234754037954772e+00 1.870838314766938595e+02 7.778772548892803229e+00
3.973879268488295935e+01 4.571682455414575230e+01 -4.194840119945638435e+01 7.356004458921592715e+00 3.124252070496232818e+02 1.120097679351258080e+01
1.538081676466858596e+02 9.303362100055879580e+01 -1.601368307057444440e+02 9.637292413783642431e+00 2.157542583589023764e+02 7.819292005475702467e+00
2.014660702616413062e+02 -4.153671299793709437e+01 -1.581490834989591310e+00 7.548830370900867059e+00 2.086915127646545898e+02 6.822952681869352887e+00
1.375350512092505539e+02 -4.432895066471101586e+01 -5.576134003391981508e+01 4.466156170628731381e+00 2.008316210162134610e+02 6.090750322670260175e+00
9.600301308966405145e+01 8.279073207728204409e+01 -1.781198634207321447e+02 5.992607914280952741e+00 2.891112026539269095e+02 8.218611156688382380e+00
9.557255234565688795e+01 1.129210658867856836e+02 -2.714133066596243680e+02 7.712570581936097014e+00 2.432244385336309165e+02 1.032104037608127101e+01
1.205468110082559576e+02 2.931237772299885691e+01 -8.671909700404086152e+01 8.794890128211958924e+00 2.758099844095568756e+02 8.014461176187865021e+00
8.854616868290787579e+01 2.734139768808269721e+01 -1.423039525417913751e+02 5.863367469519450204e+00 2.894718639177217483e+02 5.644109519388479157e+00
1.014844390211622880e+02 6.099261112031795307e+01 -9.073796905175257166e+01 5.790160949333770901e+00 2.767506955727482705e+02 7.114967612967831201e+00
1.465555030338097993e+02 8.461632828427943309e+01 -9.818112679058398840e+01 8.284212128005975728e+00 2.256537391668925920e+02 7.413855110810260385e+00
1.308615899783781913e+02 5.326052933072079831e+00 -6.041434747151865281e+01 6.922149940344239916e+00 2.799417618005573445e+02 7.682926619202504526e+00
6.881799392173272167e+01 -1.505728074476206935e+01 -1.702259864490143855e+02 5.381396977725584563e+00 2.433527069913133118e+02 5.756903545038952075e+00
3.715346338632471657e+01 -1.693465068683165384e+02 -3.653711227810619278e+01 3.673459255907464804e+00 1.966093779553762602e+02 7.453936557064352542e+00
4.560672033179024254e+01 -4.195520753723421592e+01 -1.175906120833490434e+02 3.240178541705654336e+00 2.207653505421536977e+02 7.189387737105491283e+00
1.006799203999576520e+02 -1.478144155508005397e+01 -9.442571326178894253e+01 4.501516181568559816e+00 2.932959426927007485e+02 4.927445113575629421e+00
2.747397084317272515e+02 -5.466250425566129678e+01 -6.761984484380663218e+01 3.451811715548460224e+00 1.949731455867704994e+02 7.048756162905874589e+00
3.234081325861676959e+01 -4.916645429031903802e+01 -1.072778414097026172e+02 3.233567288109166160e+00 2.049181299934195692e+02 7.061284139877614052e+00
7.174446921187453086e+01 -3.045199237158814576e+00 -1.453377772922355859e+02 6.630876521498712428e+00 2.323030079443656177e+02 6.741770355585018137e+00
1.128339915253620234e+02 -1.343788606304667326e+02 -1.389091419636292812e+02 4.762475574395451439e+00 2.120131776564843733e+02 7.897304322957864997e+00
1.198527411389766684e+02 -6.604908555228476530e+01 -9.282809401060970345e+01 3.891513590557479141e+00 2.145309068642557975e+02 5.171359378445842481e+00
1.466451665213955380e+02 -8.047941869704563089e+01 -6.946381418243029771e+01 5.152730340496337824e+00 2.194846463878510008e+02 5.768920847509676264e+00
8.411464497664852047e+01 -2.380281309553468816e+01 -1.265348029578684219e+02 4.457326917992468829e+00 2.508014354025909540e+02 5.481490791684976216e+00
8.936391564934854159e+01 -1.079024611424845688e+02 -1.553920099596595605e+02 3.153230882595485340e+00 1.672429669672240777e+02 5.062121962941617426e+00
1.186800024666853801e+02 -1.077060132777251056e+02 -8.360291666269023381e+01 3.956287298507489059e+00 2.158971051218612445e+02 5.302261453803950531e+00
1.129808205666709000e+02 -4.246021051026735194e+01 -8.398060033086181875e+01 4.429740307493660545e+00 2.481597469373306524e+02 5.733827175758179351e+00
1.993592691278412019e+02 -6.165604573476139905e+01 -1.280347323803419535e+01 7.459179550086243893e+00 2.156897076821237818e+02 6.336197564151575534e+00
9.795325809295400177e+01 -1.392320213406665061e+02 -1.074023666134492458e+02 4.635224238069684866e+00 1.976751122422850528e+02 8.196489280309066316e+00
1.037318983017643887e+02 -1.816276536605075975e+01 -6.359669218951516001e+01 4.901797758506294400e+00 2.867436965305427634e+02 4.994707939285717657e+00
7.806476506458388087e+01 -9.930067433541610455e+01 -1.155933972997700039e+02 2.894331130182404177e+00 1.619603269322459766e+02 4.174020224403932389e+00
1.279747597287707777e+02 -1.434332282979255240e+02 -7.660851606619809218e+01 5.641167240499761704e+00 1.977180505163855742e+02 9.513881295982443476e+00
1.221162642895346266e+02 -1.130769188489227730e+02 -1.125112138573472009e+02 4.238095309610486083e+00 1.836432615153629513e+02 4.861934934735970160e+00
3.915302573225532967e+01 -6.289194727854403766e+01 -1.236443123368787269e+02 2.879328333511103732e+00 1.668853723368228543e+02 5.103714097212019851e+00
8.689507876712170287e+01 -3.239569045212435583e+01 -1.428693426048549782e+02 4.581360893718938954e+00 2.514973707616045999e+02 5.648182447163833331e+00
1.285166696789268030e+02 -1.170007930529186240e+02 -1.276128580838802122e+02 4.719174896721601620e+00 1.903232184994779175e+02 6.528409926186071743e+00
3.710373014048381179e+01 -1.086110959356725516e+02 -3.862869832137314319e+01 3.514745071588936121e+00 1.749273777886126027e+02 4.626620042085050954e+00
1.108894436029986537e+02 -3.366486862961254189e+01 -1.340848979122078219e+02 4.500132179031173685e+00 3.022182820413086688e+02 5.785128712182000754e+00
-1.928804916442960149e+01 -1.734027849900829494e+02 3.306051126807852114e+01 3.122676900845036130e+00 1.946039246777926621e+02 4.384132457786662940e+00
2.025700869990092770e+02 -5.134258031005552425e+01 -1.548181163195808097e+01 7.413841971327483016e+00 2.109000889046754139e+02 6.298140655967287671e+00
2.226690605092628346e+02 -5.346438564741247745e+01 -4.437213211860440509e+01 7.361084030707028880e+00 1.935971267865305663e+02 6.519328934249799090e+00
1.028037501691673441e+02 -6.514589927772955491e+01 -1.278995577314589696e+02 3.226280158068687509e+00 2.135654173783761394e+02 5.003292223269667716e+00
8.956549368434582448e+01 -1.083773289932254613e+02 -1.536797450953857833e+02 3.152161911570118935e+00 1.995748669046280668e+02 5.167899308818221016e+00
2.235896098615802430e+02 -4.982408762783902034e+01 -4.311375062065937414e+01 7.244989389728798912e+00 1.937165132351911723e+02 6.495199420410216362e+00
1.705727962514172873e+02 -7.805533112498395099e+01 -7.108829005916281574e+01 5.600028456982776959e+00 2.169628712475938812e+02 5.912016439684379066e+00
1.670092448985749343e+02 -1.066416673740062748e+02 -1.541116892976461372e+02 6.897898842761594373e+00 2.042085392435879498e+02 8.332861815055650823e+00
9.896660713124271069e+01 -5.458780739662532255e+01 -1.008206379724378507e+02 3.400434758181340111e+00 2.494678536405041598e+02 5.356472037619070647e+00
2.647733959254841238e+02 -2.873423593063962400e+01 -1.003799264174738823e+02 4.193080409981496004e+00 1.950086857039962638e+02 6.130698880998721734e+00
7.876011248595563075e+01 -8.490352458171599892e+01 -1.162918583963662797e+02 3.148825901132652039e+00 1.893194390441720998e+02 4.272883799569243024e+00
2.008492689397100150e+02 -8.631284836992335840e+01 -4.650040711378267133e+01 7.062184439868555152e+00 1.932322113416911691e+02 7.401452943073053348e+00
3.176946394755525915e+01 -5.067480176092119848e+01 -1.168556953848009812e+02 3.212799585274354275e+00 1.955824378618898436e+02 7.286359552763968850e+00
1.221162642895345982e+02 -1.130769188489227588e+02 -1.125112138573471867e+02 4.238095309610485195e+00 1.836432615153630081e+02 4.861934934735927527e+00
9.476728442606335534e+01 -8.941724200140122036e+01 -1.608930689321875320e+02 3.938979197849968639e+00 1.765031161198011205e+02 6.392548333471864908e+00
2.603952561949959090e+02 -4.080679093038188654e+01 -8.032362709710484694e+01 4.058616372045656284e+00 1.934767169454764257e+02 6.017529436422506706e+00
2.008492689397100150e+02 -8.631284836992335840e+01 -4.650040711378265712e+01 7.062184439868555152e+00 1.932322113416911691e+02 7.401452943073053348e+00
5.169534979000614783e+01 -7.842729937548341468e+01 -1.263315289557895795e+02 3.003324176632979903e+00 1.654839569263437511e+02 4.307615878214903660e+00
5.121480176243795057e+01 -4.365929167617893825e+01 -1.061652252527937179e+02 3.323231930511473475e+00 2.639033677314482702e+02 6.651382478422789291e+00
-9.294356180405478085e+01 2.309496643236891771e+02 -2.443553117639136474e+02 2.359426339146064144e+00 2.622625545136019127e+02 4.770350768767599448e+00
-4.526209412389247433e+01 1.704841541476912710e+02 6.332939037866373866e+01 5.318216632392436694e+00 2.625455198627468576e+02 5.412780178032448930e+00
5.031335155878826271e+01 1.269981832352257811e+02 -8.272632742503800785e+01 6.897506682808533185e+00 2.731973828571569811e+02 7.080419353051837561e+00
5.182288963676889892e+01 1.593161230927346139e+02 -1.597280554043069003e+02 7.501437723637492283e+00 2.442083127168278907e+02 7.255079396131236535e+00
-1.983347306937456622e+01 1.021977081342786846e+02 -5.945445960232803628e+01 6.131776663816921769e+00 2.486638845912289071e+02 6.362823762556359952e+00
-9.299831508034259286e+01 2.192461895513987429e+02 -2.648256572691568067e+02 2.336259835129455453e+00 2.899365232253432509e+02 5.285796152834336681e+00
2.253917247058266682e+01 1.539840859837509583e+02 -1.418968200636356585e+02 5.995224969249447255e+00 2.373268632076866140e+02 6.198840019734021212e+00
-5.055991719635260750e+01 1.701082188421802357e+02 4.857626799881168012e+01 5.506473364399829151e+00 2.613012198593798985e+02 5.416707968473957635e+00
4.734842805785178399e+01 1.374655887409897730e+02 -1.010114881394111990e+02 6.285358893232555033e+00 2.719079393839025443e+02 7.285731072187445534e+00
-9.191580515691551057e+01 2.213137948790803762e+02 -2.473478347897245726e+02 2.354296918194481947e+00 2.799138438877219528e+02 5.194970482658902711e+00
3.082635833358508037e+01 1.272150236404812347e+02 -7.662923333760309674e+01 6.583720783140398325e+00 2.448579741401125034e+02 7.163381050138241335e+00
-3.274239021191413634e+00 9.799863720650705545e+01 -2.131605355077445552e+01 6.280694830506546644e+00 2.475937145809642743e+02 8.816516375223244495e+00
2.970651325279173705e+01 1.140218886288385960e+02 -5.997314393286881540e+01 6.408359739747895745e+00 2.528298044139575040e+02 6.849440360716357645e+00
8.452383872162165801e+01 1.370830610763121911e+02 -1.749786460746085481e+02 7.568937975219935055e+00 2.488012459775874845e+02 9.271071378413267894e+00
4.588024382402784340e+01 1.354877800411808266e+02 -9.403740769186173054e+01 6.167668195546445631e+00 2.757548322332720545e+02 7.080791222582945466e+00
-9.982788548345048696e+01 2.187524825978955505e+02 -2.554425721464034211e+02 2.258117316577270106e+00 2.865581049281279888e+02 5.154625907793388251e+00
1.299754886006051358e+01 1.477088579063522786e+02 -1.390178840391261303e+02 6.577109775477230080e+00 2.528675344918758015e+02 6.218680432195810681e+00
-5.249841888814205504e+01 1.307510174109220600e+02 1.337870376508814729e+01 6.320798546084308356e+00 2.669609100598812574e+02 5.943043258547305641e+00
2.568250425008730531e+01 1.962878389441116838e+02 -7.678433377165076479e+01 6.043967200460312661e+00 2.414979088936382823e+02 5.658877589016356069e+00
4.744809952539235809e+01 1.453894728575620547e+02 -1.414991563633662395e+02 6.450835125975444839e+00 2.572291731122269312e+02 7.819965061136343820e+00
3.999983481452159140e+01 1.281990384908970952e+02 -1.069412139176332772e+02 6.389334221300756234e+00 2.775813889654708078e+02 7.234121473320499263e+00
1.826633081467265995e+01 1.868497224668962531e+02 -1.053340630821057289e+02 6.298006945679031077e+00 2.359354731701021706e+02 7.187095023640722502e+00
2.221716864081296805e+01 9.298095121055558820e+01 6.963360405191623670e+01 8.044772547752122804e+00 2.503328983573673270e+02 1.247053712950314264e+01
-2.806714431501695373e+01 1.948699462629304264e+02 9.955679116192042954e+01 5.152614043303358926e+00 2.367021915825876022e+02 5.099488958232598179e+00
8.381550610237445298e+00 2.491397529886476434e+02 -1.476859356054620243e+01 6.299317742661468600e+00 1.961028811619043779e+02 5.578004438308624913e+00
3.973575989290587529e+01 1.539962871650871534e+02 -1.201587317692634826e+02 6.649039899201090620e+00 2.246883174533112992e+02 8.041066695735779035e+00
3.082635833358507327e+01 1.272150236404811920e+02 -7.662923333760306832e+01 6.583720783140397437e+00 2.448579741401125318e+02 7.163381050138227124e+00
-9.808881061709794835e+01 2.237790117704794852e+02 -2.568413551858210440e+02 2.230367958269690032e+00 2.854263258706176316e+02 5.143186268910341141e+00
2.388558441241147856e-01 8.698442982480179353e+01 3.206974430122753006e+01 5.814522578583001255e+00 2.598645608773924209e+02 9.625763041427148892e+00
2.274099918884363447e+01 8.712269270991289716e+01 1.027277563589841094e+02 6.599140106002698403e+00 2.411782483973212550e+02 1.079383464684566718e+01
5.494651878034608217e+01 1.064727980739717879e+02 -1.045960193954062163e+02 6.027824706811856892e+00 2.839858975371840870e+02 6.845839858566591829e+00
5.463212414446825704e+01 1.119371232427431551e+02 -1.517857172446171603e+02 6.584478073372020290e+00 2.679420226466912140e+02 7.511938179412481986e+00
2.354887656691638043e+01 1.195452280989480016e+02 -1.347352688240182488e+02 6.444581408623403007e+00 2.399102488431871905e+02 7.609614044802370358e+00
5.025481484211024252e+01 1.414332841148084299e+02 -1.343223782973163338e+02 6.687875764608230078e+00 2.560650845000153595e+02 7.699351109659261283e+00
-8.254360237390230282e+01 2.489921063258948948e+02 -2.224459492409974075e+02 2.202523276861980683e+00 2.364715363421145469e+02 4.022920170508029969e+00
-5.862097623639950683e+01 1.476153063383334541e+02 5.534249509529377065e+01 6.023729691660410168e+00 2.799850487079622781e+02 5.808547315605693484e+00
-9.378263001974694646e+01 2.182407841885748212e+02 -2.664227512759451884e+02 2.328249154807382038e+00 2.901872283543850699e+02 5.372683959632780670e+00
2.933922967385245784e+02 6.917161438624656000e+01 -1.388455576428060851e+02 7.722342312487409544e+00 2.055186791997262787e+02 7.006194608284374681e+00
-1.635021377323792890e+01 -3.685620133666979541e+02 6.592644562059644109e+00 5.460251016477291941e+00 2.742573426546680366e+02 1.381554643207536515e+01
-4.801034204118022899e+02 1.342489745549560212e+02 1.181104648164955222e+02 6.939980544342254198e+00 2.175992819381534389e+02 1.069618531786937865e+01
-4.906691608229278359e+02 1.794922203847073661e+02 1.389552476085826527e+02 9.145520768442155557e+00 2.346259310050787974e+02 1.277195627934891320e+01
-1.142855314620462366e+02 -2.564443324609387531e+01 1.446974240353878542e+02 5.693261608610947988e+00 2.009095816530411298e+02 8.979904311721583099e+00
-1.026435718591260837e+02 -1.628471421588697012e+02 9.468402304809779935e+01 4.435735644765435914e+00 2.492468655770820192e+02 4.260759415157878038e+00
-1.535738893556797109e+02 -1.909998103179063946e+02 -1.263194856685959166e+01 4.883416913690447281e+00 2.041158004663039094e+02 6.304901848558728261e+00
-1.135624887484852081e+02 -8.995161427800850618e+01 5.578091145806949669e+01 7.033298284450766324e+00 2.310192416228570096e+02 9.779891419244634676e+00
-8.179513771838924185e+01 -1.364974942907495574e+02 7.262987066574234518e+01 3.917796068549914690e+00 2.721329224845828776e+02 6.536069853758903037e+00
-1.096080128321486313e+02 -1.914609832257722246e+02 1.041397008743753716e+01 4.373893267504869620e+00 2.337143341774312262e+02 4.272812169104781788e+00
-8.315815539456130523e+01 -2.006479090476501312e+02 2.075157257901135921e+01 3.287733527440097170e+00 2.035620974051898315e+02 4.183718437242660571e+00
-1.104643629239465952e+02 -1.812698429699144356e+02 3.399191854253608369e+01 4.334932574115352821e+00 2.305177813098156605e+02 4.245552254132178405e+00
-9.204579571229875512e+01 -1.498555384849952077e+02 7.134039069905303165e+01 4.106853073896344242e+00 2.515158990998381796e+02 4.137804326025587898e+00
-5.740934543407010437e+01 -1.173356135222740591e+02 1.077451155095400708e+02 4.198924528465393102e+00 2.122837429008637002e+02 5.706851720644181114e+00
-1.227747784737705956e+02 -1.061912563672488972e+02 5.041040333608726343e+01 6.913824103642488339e+00 2.384044043217322439e+02 9.517694805376052614e+00
1.469521713948877029e+01 -4.565519259184964085e+01 -8.612414669523343491e+01 3.842535883712574929e+00 2.081238273240236083e+02 8.170111624891049473e+00
-1.413873163352105564e+02 -5.473239834252235880e+01 1.049956626705613019e+02 7.162400711064858427e+00 2.168815575377491598e+02 9.609094166253996150e+00
-1.110533147099080793e+02 -1.810669217874912533e+02 3.495008372865896717e+01 4.358806979203555088e+00 2.427630532020884004e+02 5.603265795525871340e+00
-3.023259077003972095e+01 -1.984253150037260696e+02 4.278898280858647496e+01 3.742499662127238835e+00 1.634758315470516266e+02 5.611755090192957596e+00
-7.738892710993478374e+01 -1.094258552527509920e+02 9.196157123370905140e+01 5.458276479632929501e+00 2.370533431529705126e+02 8.820872078663427374e+00
-5.965482777017447091e+01 -1.424006274371627967e+02 8.177563516860394088e+01 3.298309434570289245e+00 2.151675161356843944e+02 4.611883001675295191e+00
-5.424038476275134713e+01 -1.158108026944493645e+02 1.176922123882459204e+02 4.343627174567614269e+00 2.097835253302794456e+02 6.113741139851853745e+00
-9.860754366024447393e+01 -1.615107699916696333e+02 9.567149764123645639e+01 4.389042041972079033e+00 2.485896015524382392e+02 4.232946714351953688e+00
-5.664670532992202112e+01 -1.566828742389790250e+02 6.570534038997924142e+01 3.010745384664584190e+00 2.603919881639986329e+02 4.003260759449034367e+00
-9.231915795472839648e+01 -1.439431832927649282e+02 8.005846221678790187e+01 3.842612482212588887e+00 2.524039421245238657e+02 4.176276740045935298e+00
-7.463984999760968719e+01 -1.145063516441499161e+02 1.217127228454330208e+02 4.942160213349107600e+00 2.415778549453571316e+02 8.570250303774557210e+00
-5.288321504182561483e+01 -1.657824951444393093e+02 3.756206921444506008e+01 2.814402362512069988e+00 2.039593770827906951e+02 3.596812158334230958e+00
-7.160364717787334854e+00 -4.181647369215949794e+01 -3.019190135369191808e+01 7.138840312268486699e+00 2.258463194298282133e+02 1.010727097196921420e+01
-6.809217960196477293e+01 -2.340486907489991708e+01 2.871853968838101991e+02 9.286775554844361125e+00 2.476048464792238519e+02 1.098375928663961076e+01
-1.159516449992787841e+02 -1.288691092770675368e+02 8.512058898155974163e+00 4.611916223321157027e+00 2.712806434303781771e+02 7.915207610573901320e+00
-4.056572798859629359e+01 -2.149341561593497829e+02 2.236862379814195023e+01 3.725510342017142928e+00 2.001659998601161305e+02 8.070317171175588555e+00
-7.940539766945524036e+01 -1.368362206105235828e+02 6.479015333033839852e+01 3.761447286432557657e+00 2.742958986204496910e+02 6.454651205921805968e+00
-4.206085739724346695e+01 -2.109543379326123613e+02 4.586040763527821440e+01 3.480095037594149510e+00 1.989896982258127025e+02 7.232560674832797076e+00
2.086616718197508646e+01 -6.199279237456367753e+01 -1.124932624276298583e+02 2.746691261532176132e+00 1.905637426164799137e+02 4.736311413703162998e+00
-5.389409287588318165e+01 -1.833547500496619591e+02 4.033696225442773198e+01 3.157447069734424350e+00 2.226084230212325110e+02 3.928769879261878373e+00
-5.544362817533650656e+01 -1.557949939698095818e+02 5.931311671230563576e+01 3.036625442292557597e+00 2.470278121993554237e+02 3.749708103282898719e+00
-1.051725304478395628e+02 -1.650305859884235247e+02 7.495154603812156324e+01 4.688739082959640037e+00 2.417317676682152410e+02 4.334245958157367795e+00
-2.077804293693621673e+01 -1.728834437993409097e+02 3.774434809481574149e+01 3.132726305091398267e+00 1.868021948479192815e+02 4.281536012081588183e+00
6.031070202991844376e+00 -9.828908688922129500e+01 -3.366739740944547066e+01 2.879101672767468312e+00 1.785481097631671616e+02 4.343705185617338316e+00
-1.719772854296829800e+00 -5.698339402174153889e+01 -2.875806267237755875e+01 3.631368797481686173e+00 1.600238732189669122e+02 6.481545803933101979e+00
-5.965482777017447091e+01 -1.424006274371628251e+02 8.177563516860394088e+01 3.298309434570289245e+00 2.151675161356843944e+02 4.611883001675295191e+00
-3.904107569468471439e+01 -1.501358887237650208e+02 4.256494533496520205e+01 3.067775740843371235e+00 1.746789841394779614e+02 4.398351130327583292e+00
-1.278870091472006365e+01 -3.710047302176605655e+01 -1.446337550931281513e+01 7.308433349450463190e+00 2.547007018050794613e+02 1.129351616340733244e+01
2.572787798079468047e+01 -5.844115240863150973e+01 -1.121569328854014600e+02 2.746691261532176132e+00 1.906994756154300603e+02 4.736884050553314296e+00
6.073852702842452267e+00 -5.168058428004956539e+01 -2.268682028341279633e+01 4.068405868402913406e+00 1.702540674991349476e+02 8.285840095529493965e+00
-1.273625775286351143e+02 -1.368127913623798690e+02 2.076210193872933729e+01 5.227503383523547598e+00 2.721414108510499545e+02 8.199665753036811111e+00
-1.732906875619773643e+02 5.662310018586370575e+01 -1.845469930512209658e+02 3.934774138452363790e+00 2.340113458787842831e+02 5.760965444168732574e+00
-3.499808032066194414e+02 1.261462135189916900e+01 1.024887792644179285e+02 5.910046277802153192e+00 2.135883891975404083e+02 5.446684763430070575e+00
-1.729472012637403679e+02 5.705051327122544791e+01 -1.875592996048622751e+02 3.939907985864615547e+00 2.429745665702482711e+02 6.293104490152245489e+00
-1.647944945918569601e+02 1.451779196122039117e+01 -8.766004993554366820e+01 5.423682549792110841e+00 2.122271424676872016e+02 9.894432261604919177e+00
-1.427006502301350395e+02 5.364850617780703601e+01 -1.286040028818250391e+02 3.839221623349418522e+00 2.431297750173762608e+02 6.201011697633745712e+00
-2.385033946502000219e+02 3.411649471691355018e+01 2.097950040996320098e+01 6.441624479430434924e+00 2.291497108878822075e+02 5.508084643316919937e+00
-1.569163720192071878e+02 1.811165721889357982e+01 -1.067292693130279702e+02 5.788331577027973296e+00 2.165125573725459560e+02 1.036317587325532941e+01
-1.861661299190913041e+02 3.776436548236628710e+01 -1.220429613071536892e+02 5.551721368463042872e+00 2.354387128320234410e+02 5.613959743896998589e+00
-2.947978490699919121e+02 1.018450035170641144e+02 -2.404798697368475047e+01 4.735483948752834849e+00 2.647293476364114895e+02 5.782403602925370478e+00
-1.608814670572801333e+02 4.751546599880729360e+01 -2.069511067712584804e+02 4.706437783432390276e+00 2.436689301080463963e+02 7.653977963104765081e+00
-1.451284597908209832e+02 4.935569171716794301e+01 -1.481790144650856575e+02 4.002931283387635375e+00 2.395159702399821242e+02 7.183366987980448926e+00
-1.284458792419773090e+02 4.627346804219889975e+01 -5.184881719632917907e+01 3.404330596451460966e+00 2.720695866869356792e+02 5.821425677765063256e+00
-1.436542498763373885e+02 5.020473782514643801e+01 -1.427622023264995335e+02 3.944038391848766700e+00 2.395159702399821242e+02 6.870664876761267692e+00
-2.103054747794144248e+02 7.636539801123551285e+01 -1.407887468745180115e+02 3.896986360518451598e+00 2.666415712149926662e+02 4.692934272086660030e+00
-1.983996823867027786e+02 -1.630295571507966557e+01 5.756322411054782151e+01 8.460543388346897231e+00 1.811794414385914820e+02 7.605400722657776669e+00
-2.837427273136977988e+02 9.838797823903846052e+01 -4.218169746725389047e+01 4.999263329636803199e+00 2.563680752355878099e+02 5.555866206756519432e+00
-2.238844871477684251e+02 1.542508512366525508e+01 2.798188122038383341e+01 8.341369689780826491e+00 1.951144279647202211e+02 6.482093493228177294e+00
-2.044169014045440633e+02 5.240014047800567454e+01 -1.017456609118915765e+02 4.742296916220031910e+00 2.461403816930493065e+02 5.329018165836444609e+00
-1.046104871841258728e+02 4.216390469049045464e+01 7.379735338748963613e+01 4.571344927099844746e+00 2.607892635826866581e+02 7.553626171561006686e+00
-1.727103358862227651e+02 6.638240846149610519e+00 -8.392148856985235739e+01 6.350047961410901998e+00 2.007188082866177012e+02 1.034864660278640258e+01
-3.253764939612168519e+02 3.739880550481526456e+01 9.466408439640002825e+01 5.798509257608514211e+00 2.149490637337134444e+02 5.615432320952621126e+00
-3.092965474450879810e+02 -4.523813938605687923e+01 8.515360523572149987e+01 7.934489943641069409e+00 2.186046374165013049e+02 6.360691260364632171e+00
-2.738268704638670670e+02 4.949954169136326954e+01 4.778571413835245352e+01 6.399568808338927717e+00 2.219559134152546278e+02 5.599260191730863312e+00
-1.846027876073688390e+02 6.366700820249195658e+01 -1.582410504906165727e+02 3.561065336333961717e+00 2.545554163635101190e+02 4.611677289555700554e+00
-1.769747099205936252e+02 -7.254338141336748436e+01 7.929028930319635293e+00 9.275028754016087618e+00 1.904850322203820951e+02 1.166537356592219510e+01
-2.303494857558022773e+02 7.094271369324519583e+01 -1.272256401803334569e+02 4.303356062277542193e+00 2.797921371304061608e+02 5.167529556448386074e+00
-1.861661299190912757e+02 3.776436548236628710e+01 -1.220429613071536608e+02 5.551721368463042872e+00 2.354387128320234410e+02 5.613959743897012800e+00
-1.679823868368212629e+02 4.976947937303003755e+01 -1.726385459287007507e+02 4.368769208886512878e+00 2.475863283786081865e+02 5.657753150048904445e+00
-1.749992992619873746e+02 3.844899261624399767e+00 -7.327828680430017982e+01 6.758961853616274773e+00 2.061566091591535610e+02 1.122767459474287932e+01
-1.272008688177585896e+02 4.681565916528874283e+01 -5.189020464536607591e+01 3.391213762343982197e+00 2.716384499661268137e+02 5.760035062326011257e+00
-3.347308529557360544e+02 6.432734551017055935e+01 1.067380073209290003e+01 4.997190577918069643e+00 2.334709617918254025e+02 5.304871037372052456e+00
-3.361562919845592745e+01 2.675475670955724539e+01 3.077841636084545485e+02 6.055110053893872468e+00 3.077740404907470406e+02 9.929958422895168724e+00
-3.361562919845592745e+01 2.675475670955725604e+01 3.077841636084546053e+02 6.055110053893873356e+00 3.077740404907470406e+02 9.929958422895168724e+00
-2.339070826058050656e+01 -1.402395863240165497e+01 5.553866050286924860e+01 9.452136334359634517e+00 2.415328704338189709e+02 1.078983601331350428e+01
1.210814784959090140e+01 3.071192535899301390e+01 1.396496962521760850e+02 6.702954764563135548e+00 3.217821312627536372e+02 9.936113119546774897e+00
2.640332165992149172e+01 -4.584571597218578987e+00 -1.480948617764958897e+02 6.115446765258418793e+00 2.334759944833729719e+02 9.112159194449887423e+00
2.665795345349559753e+01 -1.065203943440733347e+01 -1.243209909518693621e+02 5.686948864517876068e+00 2.340929089058444958e+02 9.055079538540354633e+00
-1.778872626700831105e+01 -1.519704480472444885e+01 3.608052291360475294e+01 9.062867589688076819e+00 2.512967319723836113e+02 1.146879194818197334e+01
-1.404667197382745236e+01 2.781246487170921000e+01 2.212227629540884664e+02 6.431645993568688269e+00 3.079666012735796699e+02 1.204346490117998769e+01
2.062229029631586741e+01 -3.468864835521254264e+01 -1.455005710776045191e+02 4.309748473388283152e+00 2.239914953742663783e+02 8.161781727381651308e+00
-2.339070826058049946e+01 -1.402395863240165141e+01 5.553866050286924150e+01 9.452136334359634517e+00 2.415328704338190562e+02 1.078983601331349007e+01
1.581582234531244602e+01 3.533444046856998000e+01 1.766882896988523441e+02 6.214600110342296979e+00 3.326611789794534957e+02 9.990940321581319949e+00
2.239614920343672466e+01 -3.845561615664947652e+01 -9.256417514832594406e+01 3.713854638056628410e+00 2.257062471443801144e+02 7.625118758116215645e+00
-7.450614720517580558e+00 -3.282143423493264578e+01 -5.874099726809429711e+01 6.549564022034347843e+00 2.337972358690324768e+02 1.009394828492827401e+01
1.725701835150441621e+00 4.813215396921430766e+01 1.724665721387759163e+02 5.542197389841625466e+00 3.362654420246005884e+02 1.034342585332430531e+01
3.695580202788207913e+01 2.950400955601060105e+01 -9.260976177164722856e+01 7.301581077745411541e+00 2.952341274310949188e+02 1.056454670424818687e+01
-4.224472698362392720e+01 1.600971140046133456e+01 3.959577887355997063e+02 6.738271439750993075e+00 3.172931255164536424e+02 1.059022402289829756e+01
-2.178750456875200925e+01 4.490619111204166813e+01 1.841505732630569980e+02 5.569367693462694113e+00 3.037489876526339572e+02 9.275085369534480151e+00
-2.576593514996082490e+01 4.120944475435680232e+01 2.319137098186244543e+02 6.228384739810370441e+00 3.082106868685769427e+02 1.060135611069057404e+01
-4.136123996153104088e+01 -7.088341325169291274e+00 1.781665464912223626e+02 6.897572074542734910e+00 2.652700699287426005e+02 1.019129970469455770e+01
4.250567466659769877e+01 2.893671667884633436e+01 -8.690300888284134828e+01 6.481789522837575035e+00 2.952304862306736482e+02 1.053974415980414392e+01
4.573360806470793705e+01 2.536436099165814895e+01 -1.245289491127216195e+02 6.013330003493441822e+00 2.695774656754529133e+02 6.557287622702489216e+00
6.129346252562491770e+00 -4.060097998807166420e+01 -8.560353269402244791e+01 5.225086627932815198e+00 1.949641249050706620e+02 1.078560065607710783e+01
-2.231376295309486224e+01 5.348201445037859969e+01 1.854090804032335598e+02 6.106795405882089689e+00 2.942160940533335065e+02 9.489963417272150537e+00
6.129346252562491770e+00 -4.060097998807166420e+01 -8.560353269402243370e+01 5.225086627932815198e+00 1.949641249050706620e+02 1.078560065607710783e+01
4.710542254461847023e+01 2.576940395560946939e+01 -1.239080280635649842e+02 6.024790581079201068e+00 2.701830675671590143e+02 6.636063652487962372e+00
-3.930540156010689401e+01 5.232581997433515397e+01 2.005691192279251709e+02 5.122997076386915261e+00 2.816266100708524505e+02 7.055141564921882491e+00
-5.136203901135704086e+01 5.878910060667429105e-02 2.523878426517263733e+02 8.430185114768303123e+00 2.679524211497257511e+02 1.078406539890002591e+01
3.952983643439335992e+01 -2.250799922639330575e+01 -1.848559527231294624e+02 4.872743528922976353e+00 2.208980024807829921e+02 8.046934871358772057e+00
2.204827072929057863e+01 -4.010663528194324101e+01 -9.433815750182192517e+01 3.512460300028872329e+00 1.860120627808852589e+02 6.398982944851354659e+00
2.115719857850904617e+01 -3.998108433988556953e+01 -9.705923014165908569e+01 3.512460300028872329e+00 1.834970299487160332e+02 6.537737879232849991e+00
-4.325980594589444905e+01 -9.898562430964691572e+00 1.820966384703917527e+02 7.293780975413203471e+00 2.706322735743096359e+02 1.059979791498798818e+01
-5.396734299816495195e+01 4.507348945596620915e+00 2.566918112242911434e+02 9.106604085414558014e+00 2.674083955301329070e+02 1.084237561182132481e+01
-5.008387817116440033e+01 4.030765130564324039e+01 2.956670475904582531e+02 4.507712314941121790e+00 2.792770846310165780e+02 7.521105261536405351e+00
1.783143121119620389e+01 -4.517157915298570003e+01 -7.994655671129788743e+01 3.568072343205369368e+00 2.096903431252856080e+02 6.819491043752066162e+00
3.556660855602598303e+01 -4.451396981357734006e+01 -1.268419248130024357e+02 3.136452269849187680e+00 2.182137197794858992e+02 7.019084670462888198e+00
1.783143121119620034e+01 -4.517157915298570003e+01 -7.994655671129787322e+01 3.568072343205369368e+00 2.096903431252856080e+02 6.819491043752066162e+00
-6.376368013731003259e+01 2.128720559155383540e+01 2.485934134844547430e+02 6.468327226359134485e+00 2.498885501578653816e+02 8.819378429783938600e+00
8.361941624000907680e+00 -2.036408174965981033e+01 -5.768092863863157760e+01 5.877385865242740870e+00 2.111104627914021989e+02 1.009461458344406992e+01
3.556660855602597593e+01 -4.451396981357734006e+01 -1.268419248130024357e+02 3.136452269849187680e+00 2.182137197794858992e+02 7.019084670462888198e+00
-1.657627729156367025e+01 6.464863556406393741e+01 1.729374586547510830e+02 5.764576808991489720e+00 3.119271509503461175e+02 9.532617834522142175e+00
-3.958236327694427814e+01 5.728290810968915991e+01 1.972856388402430241e+02 5.455026527880932008e+00 3.036435204314427665e+02 9.692101418504933008e+00
-6.376368013731003259e+01 2.128720559155383540e+01 2.485934134844547714e+02 6.468327226359134485e+00 2.498885501578653816e+02 8.819378429783938600e+00
-2.542889519570544365e+01 6.609755442787329116e+01 1.736356960382110515e+02 6.244696548074808895e+00 3.138772849379196259e+02 9.789362077367087522e+00
-2.436733282469775119e+01 1.788223778266707242e+01 3.396842305948642888e+02 8.912861406392371677e+00 3.130808641549335789e+02 1.093012317031400471e+01
-6.768134883589402762e+01 2.226613542054824535e+01 2.793407538743493888e+02 6.932807064907264838e+00 2.612648608213511920e+02 9.830934474977055970e+00
2.706114822716461532e+01 -4.980212823049530613e+01 -1.106778499198349266e+02 2.984176342377305780e+00 1.882885020387596455e+02 6.505835915505628009e+00
-1.726281465633021384e+01 8.010946979434076809e+01 9.103785990977275588e+00 7.444687850128143936e+00 2.777638565400473567e+02 1.068848992822833566e+01
-8.080790213089353813e+01 3.657330667866639118e+01 1.857848166133250629e+02 6.073583587567732422e+00 2.637983841876215934e+02 9.442846504052937462e+00
-2.222174618522571521e+01 7.841469401426954278e+01 1.309008194124219138e+01 7.548220142676555611e+00 2.800945554629721528e+02 1.076780772086513593e+01
-4.866317885554999378e+01 6.573815827351195651e+01 5.269901826715621240e+01 6.540040448173930265e+00 2.593190072092672835e+02 8.104914878514620113e+00
-9.917988558801735621e+01 4.432839631341695252e+01 7.822520961531013484e+01 5.030218209776550431e+00 2.786949003839144439e+02 8.982873747552872601e+00
-8.597491312383009188e+01 4.718690527980610483e+01 8.371618294395035775e+01 4.611177281357385915e+00 2.717444157659913913e+02 7.700952909681717529e+00
-7.563560218751406694e+01 5.818622566699114174e+01 3.922266033895623139e+01 4.584007846196593405e+00 2.845467404487354202e+02 7.467906650113377509e+00
-2.430200776290209674e+01 1.653530059792710816e+01 3.351819999607919840e+02 8.777557143508124327e+00 2.991941635460157158e+02 1.040504907217808750e+01
1.245091802343783982e+01 2.669727150771517898e+01 1.275116383795732418e+02 6.871773323827379265e+00 3.288167992971162334e+02 1.072892325835397287e+01
-1.044110365185017884e+02 2.900576099686965392e+01 1.456519151196290522e+02 5.415048728492704910e+00 2.635491225559288182e+02 8.496896527962746859e+00
-2.038752039074350364e+01 3.282851640343544375e+01 2.522080115462188132e+02 6.716135700162558564e+00 3.101546831824404649e+02 1.126894443585041472e+01
7.062994674154433028e+01 2.647185908981687703e+02 2.068470644619456422e+01 8.837051358231446940e+00 1.864533721872575711e+02 7.823335554068066244e+00
-2.684150084815383934e+02 -1.724876798727690925e+02 3.741172817056400390e+01 5.611828376730745305e+00 2.250495278821975091e+02 6.526577399517819345e+00
-3.334857432331066889e+02 -1.596160654138492703e+02 4.497507683762761133e+01 5.452534095201677644e+00 1.635525909302570540e+02 7.469611303753595166e+00
3.506218384948207500e+01 -1.794741157612135112e+02 -4.730588125220870666e+01 3.490690996413681191e+00 1.916694811387561685e+02 7.204848303054831149e+00
-3.184439358482392208e+02 -1.629305251954272080e+02 5.412879009779469186e+01 5.082375430735145194e+00 1.633745007643481983e+02 7.280479020120978362e+00
2.952642428064809224e+02 -8.581274436063949906e+01 -1.636223105945549428e+00 5.256003449290215457e+00 1.888206755098603935e+02 9.113343110850465223e+00
2.352078468143597831e+02 -1.079498227822660823e+02 -2.999080730871746070e+01 5.905891142335442545e+00 1.779565677349391990e+02 7.918839412842487491e+00
3.093365785838043962e+02 -6.337545559882996571e+01 -3.074854076885162257e+01 3.226890782805741598e+00 1.555886885348674866e+02 9.067183464928874059e+00
-3.723541331614690080e+02 -1.290630705009381529e+02 5.537232470539887430e+01 5.197084765618427582e+00 1.586009063656321132e+02 5.700782102325533174e+00
-3.783049697373559184e+02 -1.122783212922866340e+02 4.906376307811054005e+01 4.740833589658044467e+00 1.557527768612810348e+02 5.238231221981365593e+00
-3.783049697373559184e+02 -1.122783212922866198e+02 4.906376307811054005e+01 4.740833589658044467e+00 1.557527768612810348e+02 5.238231221981365593e+00
-3.433850861709076980e+02 -1.415178765486077452e+02 5.725331782042191264e+01 5.421687261964857285e+00 1.635801332680714211e+02 7.265712936972477110e+00
4.351922772924860396e+02 -4.492470476016231729e+00 -1.274080411442413094e+02 9.253118528693999423e+00 2.277006587605754078e+02 9.099180073796745205e+00
-3.013462569656298911e+02 -1.458800448425207321e+02 5.418955047484978849e+01 5.208281694863096334e+00 1.652257470856161490e+02 6.891578162121106743e+00
-3.648649712799951317e+02 -1.326251908470327123e+02 5.534434237573990600e+01 5.292928447887105037e+00 1.638349474318589785e+02 5.917599005620644448e+00
3.142166380719285712e+02 -6.262675937169808549e+01 -2.704519940636579989e+01 3.210604193855486788e+00 1.569510353581651145e+02 9.750980607996694971e+00
2.605038704734685098e+02 -9.564062480758659035e+01 -2.518143527446517638e+01 6.665765845979573001e+00 1.962135252728516548e+02 8.401673062348748999e+00
-3.783049697373560321e+02 -1.122783212922866483e+02 4.906376307811053294e+01 4.740833589658045355e+00 1.557527768612810348e+02 5.238231221981365593e+00
2.567327708084968094e+02 -8.315026402471812617e+01 -6.279793073621260646e+01 5.720291502827144825e+00 2.055592372042667364e+02 7.582770258383789042e+00
2.771978233788520924e+02 -7.610876176022654249e+01 -2.544327473775454251e+01 4.231197661238353724e+00 2.066043561980240497e+02 7.262539939790926269e+00
2.966803455395269680e+02 -5.669951709840857745e+01 -5.705274820067479169e+01 3.110805184079558305e+00 1.826912354219545023e+02 7.435719089047893249e+00
-2.120775398997623427e+02 -8.936826008285795808e+01 2.551887433704942154e+01 8.243523311550688959e+00 1.974123792977532617e+02 1.118149164434203158e+01
3.364681397901252922e+02 -4.690693407122801517e+01 -4.091502948607921297e+01 2.993869171780979777e+00 2.118243139962926875e+02 7.429238242074688969e+00
2.974727981248050810e+02 -5.497817047885603614e+01 -6.345772201629390707e+01 3.080645838790185387e+00 2.033448487176402466e+02 7.160808157723280942e+00
2.927403318867053486e+02 -5.621830050042702709e+01 -5.641490143678763047e+01 3.026383614863427329e+00 1.905941761964410546e+02 7.039427867489393975e+00
3.443355788307128478e+02 -3.712146027414441107e+01 -6.404326391121185225e+01 2.876666340352196816e+00 2.130033509126089086e+02 6.517227829827291430e+00
-4.131349013044410867e+02 -4.464513054171727902e+01 1.004669075426900235e+02 5.212846883094217176e+00 1.403351702175901323e+02 5.387378328427246288e+00
3.591029000048608850e+02 -2.433567267468901818e+01 -7.959958031536288559e+01 3.563058131861578381e+00 2.309812275922006677e+02 8.563555319653289644e+00
2.931031658708680538e+02 -4.954097149572240255e+01 -7.419552799122358522e+01 2.872055153043963305e+00 1.883088951696122137e+02 5.768306955888974130e+00
-2.308803414075067053e+02 -4.274547159944035002e+01 5.031068942771754138e+01 8.701351018003911975e+00 1.936812845888832726e+02 7.201113145381654590e+00
3.018748373075339373e+02 -4.523738304574582259e+01 -7.966799072913819657e+01 2.831054867638643113e+00 2.007795806350835051e+02 6.676474210553195121e+00
3.443355788307128478e+02 -3.712146027414441818e+01 -6.404326391121185225e+01 2.876666340352196816e+00 2.130033509126089086e+02 6.517227829827291430e+00
-2.007363521134051609e+02 -2.831145884040858007e+01 4.238754966474017749e+01 1.071023052822228472e+01 2.116585693989260619e+02 1.123446929809165340e+01
-3.952261745102080113e+02 -4.997094380432044858e+01 4.375046567072926251e+01 5.490706760143284626e+00 1.765642871590968070e+02 4.682755710452440212e+00
3.018862118469598954e+02 -4.384830580213787243e+01 -7.637224629643149854e+01 2.798872838037246513e+00 2.059195170448882095e+02 6.572999134797413490e+00
3.431171664466179436e+02 -3.575894092711817507e+01 -7.038186275977147943e+01 2.837050047943431075e+00 2.406267389547554103e+02 7.060106961008017379e+00
2.990781467681147205e+02 -4.261529082478093500e+01 -8.051405860309766638e+01 2.719585653915995493e+00 1.983140186673650192e+02 5.336471324203515110e+00
3.469858009060194490e+02 -2.918764035872024110e+01 -7.380985859867175236e+01 3.035944940561694505e+00 2.352418117597295009e+02 6.746181808156620718e+00
3.001501546720787701e+02 -3.736638628711929755e+01 -7.947133995584081845e+01 2.775137273287979767e+00 1.981770609833539538e+02 5.304907999446598410e+00
-4.429975565279216312e+02 4.317789373272625575e+00 1.181783128288738141e+02 5.155224383917108355e+00 1.411016920522216935e+02 6.859339834665902913e+00
3.458520495494293527e+02 -2.832250987849838708e+01 -7.154443065639581789e+01 2.999119618565111889e+00 2.384367578625409863e+02 6.527605100029688856e+00
-4.355122438952557218e+02 1.372756833314357827e+01 7.657092371040570811e+01 4.919431761318142193e+00 1.773080581925141814e+02 4.626877310145289357e+00
-1.775022506219518732e+02 2.242492470114603620e+01 -1.554650082166644438e+02 4.882438891344689225e+00 2.471346748232631114e+02 5.899673347866567497e+00
-4.173208399280449754e+01 1.452199702776542090e+01 3.852446117205278142e+02 6.723938945538280088e+00 3.166818434959604929e+02 1.044678515035994337e+01
-4.430006138216280647e+02 1.704951032451529613e+01 7.042017547395823840e+01 5.029206746593033017e+00 1.773073320536971096e+02 5.938550883423715732e+00
2.997326092807375062e+02 -1.902196379645062407e+01 -9.324705543794878793e+01 3.365928745624078733e+00 1.951356963756247183e+02 5.669193977294256115e+00
3.251300785438679668e+02 -5.084098628562609079e+00 -1.095765880669846979e+02 3.453779663540535783e+00 2.281614559911467666e+02 7.383389648280598294e+00
3.517873592564800447e+02 -1.076139315797370699e+01 -8.423800425442968276e+01 3.240216996190257603e+00 2.352378530339026668e+02 6.224331272885578414e+00
-3.969943439449662037e+02 6.594841872184531439e+01 3.126008391699000910e+01 3.904128516324260278e+00 2.102906262770644901e+02 4.424353626499041070e+00
1.270419393540626496e+00 4.931600333561045346e+01 1.709296208242303976e+02 5.462552935246076657e+00 3.251101967025949762e+02 1.001092343456855360e+01
-4.604306019706382926e+02 3.258218595937964324e+01 1.151199151757387682e+02 5.528745212322304425e+00 1.596550265416031209e+02 8.415319299328473335e+00
3.791356429390033327e+02 2.081103830830409951e+00 -7.278148479635194690e+01 4.993547834940614827e+00 2.423644982252970124e+02 6.899062951211945460e+00
-4.473871368588971222e+02 5.590695747114232717e+01 6.468624098036531223e+01 5.534098078737632598e+00 1.933535621601008927e+02 7.402860901462915422e+00
-3.150780551571490378e+02 9.144537364895218445e+01 -2.468548996020733099e+01 4.545503220702469704e+00 2.461156791023278458e+02 5.350532450041654897e+00
-3.558982648190585678e+02 7.648318386398426583e+01 1.479753628821711908e+00 4.313554777171392018e+00 2.372110663523099277e+02 4.911497532164759150e+00
-1.729472012637404248e+02 5.705051327122545501e+01 -1.875592996048623320e+02 3.939907985864616435e+00 2.429745665702482427e+02 6.293104490152245489e+00
-3.962580454864545914e+02 6.868921417850285138e+01 2.755558272443873591e+01 3.891687258222800594e+00 2.156968880164941140e+02 4.583913433905692614e+00
-4.604306019706383495e+02 3.258218595937964324e+01 1.151199151757387682e+02 5.528745212322304425e+00 1.596550265416031209e+02 8.415319299328459124e+00
-4.233188648944498027e+02 7.151170886544178984e+01 1.103058025530715192e+01 4.429838732802503287e+00 2.004179320819372094e+02 5.932387233803623872e+00
-3.846304841165231210e+02 7.318243359700656470e+01 2.919863097843859379e+01 3.927540396422971369e+00 2.151014353741043692e+02 4.586238197259206117e+00
3.571183717601805938e+02 5.511303341277420742e+01 -1.468167606007000359e+02 7.001932572646791364e+00 2.498568390098618011e+02 6.592244270766343561e+00
-4.303570141718084869e+02 7.534003845068544081e+01 -1.083396596186365857e+00 4.638307623334027241e+00 2.085799606865434157e+02 7.165122725183621810e+00
3.781583693649593556e+02 5.652695008533782328e+01 -1.445266197175469642e+02 7.094711741834013985e+00 2.574022144426888872e+02 6.844205773978274010e+00
2.684338879687444432e+02 7.985987036448503318e+01 -1.292200148372612603e+02 9.131469761349494618e+00 2.159820536526125352e+02 7.513799912665987790e+00
3.154761440200270499e+02 7.729297693087279697e+01 -1.910717114188395556e+02 6.930117604984979529e+00 2.114297519272062971e+02 6.595864840649412031e+00
2.684338879687444432e+02 7.985987036448504739e+01 -1.292200148372612603e+02 9.131469761349494618e+00 2.159820536526125352e+02 7.513799912665987790e+00
-2.334665144051598418e+02 9.287926361625244454e+01 -1.659463089942823899e+02 3.587520108092832949e+00 2.698718955356411016e+02 4.929559059273884714e+00
-2.515871787530652455e+02 9.799367503065673191e+01 -1.765893971232446233e+02 3.737262364164821715e+00 2.377524500399522651e+02 4.454151915310987420e+00
-3.213435185439489032e+02 1.112346111883984605e+02 -4.813481775172268584e+01 4.452458371829068895e+00 2.220969326667975281e+02 4.871333528402232105e+00
-4.299417417637773156e+02 9.167767277301585693e+01 -5.778381714507591305e+00 4.872483037377699944e+00 2.112652124700136369e+02 7.240652334062588125e+00
3.333730430448299558e+02 8.795712767809362731e+01 -1.584293904284233747e+02 6.368561704766904974e+00 2.258287570262033910e+02 5.590186272395072820e+00
-2.783380852790648419e+02 1.035757285617493437e+02 -1.222418663409220727e+02 4.014944011291906811e+00 2.487215511370094418e+02 4.382340752330094347e+00
-4.416208878866789291e+02 9.008841108576284284e+01 2.845634948569799150e+01 5.317528312338061447e+00 1.872658805014944505e+02 8.148246615981733498e+00
-4.377351550596092693e+02 9.447830873640369020e+01 2.715805087775182969e+01 5.262903958677621397e+00 1.871902508145122397e+02 8.528157932049026613e+00
-3.259945085180282831e+02 1.142879286673959172e+02 -5.604627026707883886e+01 4.481846753725009513e+00 2.054337849527190087e+02 4.792115867127705542e+00
1.813130276356213813e+02 1.450521928759512775e+02 -1.359888718568322474e+02 8.526384084618346293e+00 2.442184421783088908e+02 7.538850628090941086e+00
-2.920533201360898374e+02 1.366971277572536678e+02 -5.484108799287981384e+01 4.471796333584100225e+00 2.159214208919532041e+02 5.192600928459100373e+00
-2.906832906136177712e+02 1.379176428673204953e+02 -5.419811206232446921e+01 4.519003487285135456e+00 2.202342559639621413e+02 6.057016624295243901e+00
3.169536663350994559e+02 1.067206918626828411e+02 -1.610191434271482080e+02 7.745994617423939133e+00 2.216513929574998087e+02 7.090616536031902228e+00
-3.977468688775022656e+02 1.342043075918873001e+02 2.021790422259415632e+00 4.297925149691139701e+00 2.085484296272690585e+02 6.561801444619717927e+00
3.920073187179563092e+02 8.264800799636236661e+01 -1.485183533347317280e+02 8.263284002175938170e+00 2.477883976299132485e+02 7.686714979559937433e+00
-3.007125395789121285e+02 2.149955955553845683e+02 -3.874572192966690753e+00 3.435133889140921770e+00 2.182973659941869471e+02 6.050977918206100981e+00
-1.057946112518907285e+02 2.429753022036761934e+02 -2.266928012441479723e+02 2.265645289413850350e+00 2.513985680150147743e+02 4.981816385778259360e+00
2.568830786702654336e+02 1.579729525721373307e+02 -3.957964682681677715e+01 1.000444900475057075e+01 2.186581578629071032e+02 7.196505705569393285e+00
-1.154237032815269828e+02 2.405410540844952436e+02 -2.317389300787847048e+02 2.233755538303204613e+00 2.501706367661880392e+02 4.724725527229040267e+00
3.342492959622489224e+01 2.593323723242535266e+02 1.768556569392661970e+01 7.175167052569848103e+00 1.890900512983165811e+02 6.994449433195768506e+00
-9.930004300517542504e+01 2.660028160281991632e+02 -1.955734508373338372e+02 2.082326864565422930e+00 2.336539909781127733e+02 4.343573854328312223e+00
-1.421310247138240754e+02 2.670557628727841575e+02 -1.789039301186788009e+02 2.071383235753273766e+00 2.258562817368602680e+02 7.213296612565571309e+00
-9.930004300517545346e+01 2.660028160281992768e+02 -1.955734508373337803e+02 2.082326864565423374e+00 2.336539909781127733e+02 4.343573854328312223e+00
-9.930004300517543925e+01 2.660028160281992200e+02 -1.955734508373338656e+02 2.082326864565423374e+00 2.336539909781127733e+02 4.343573854328312223e+00
-1.002518760275363547e+02 2.660637603494431573e+02 -1.961169696676771252e+02 2.094345395993259196e+00 2.370320389736374977e+02 5.416320925198007785e+00
-1.954692285097908382e+02 2.701800025183947582e+02 -2.600903013986968517e+02 2.211441031139942837e+00 2.150968328451165235e+02 8.552668305363198442e+00
-9.149120887560509630e+01 2.825712774757705006e+02 -2.575583157124015656e+02 2.289080488809935421e+00 2.132405859586771726e+02 5.156314591297586958e+00
3.967831555590493942e+00 3.092037252307696917e+02 5.627415565790232677e+01 5.475034033953419588e+00 1.917774426255601270e+02 6.536251228099828836e+00
-2.911626973928381972e+02 2.926218368947821773e+02 2.471718013408649384e+01 4.906919788121498982e+00 1.969168352376200630e+02 1.036498002618175462e+01
-1.593129990379422445e+01 3.215881325869277703e+02 4.217393435913120925e+01 5.316495807217997971e+00 1.853865893208028126e+02 6.479471258473722628e+00
-8.615146974944910596e+01 2.832644787445175893e+02 -2.679324645256917847e+02 2.398228538256095277e+00 2.092975394026408367e+02 5.778047127745153944e+00
-1.593129990379422445e+01 3.215881325869277703e+02 4.217393435913120925e+01 5.316495807217997971e+00 1.853865893208028126e+02 6.479471258473722628e+00
3.928399819780656230e+02 1.198600526141647151e+02 -1.106831261641005852e+02 1.069529824009698338e+01 2.778050170533282426e+02 1.079938483143607186e+01
-9.206878100944506116e+01 2.837919610977947400e+02 -2.570321221011986950e+02 2.316124057829647587e+00 2.131835828575924836e+02 5.776050389937651630e+00
-1.811174508242640115e+02 2.821216270622667821e+02 -2.568504628031263906e+02 2.422711105867664916e+00 2.051897353670499626e+02 9.202393016368731082e+00
-9.706753883607800049e+01 2.837364161238503470e+02 -2.730359235843136503e+02 2.370584194372422182e+00 1.910346238251066211e+02 6.674859998997717980e+00
-1.522653350785490716e+02 3.041756010247181621e+02 -2.204480635503187784e+02 2.162707855143938040e+00 1.973211848737990977e+02 8.327055798772974526e+00
1.542452915383023715e+01 3.215254337789908163e+02 5.060265386014148703e+01 5.799119098094745794e+00 2.337308494829041763e+02 7.169980990137290178e+00
-4.085032347283855643e+02 2.684014853376226597e+02 1.446112623106585318e+02 5.940505391792427758e+00 1.948168627198374736e+02 1.296135617272081220e+01
-2.866083535668087166e+02 3.528623219439733134e+02 1.099050227150719650e+02 6.940162608147920409e+00 1.914387369369114822e+02 1.320754223317022991e+01
3.697955026994251853e+02 1.432764297604229000e+02 -1.108632716736181010e+02 1.105814032509978873e+01 2.683970193575181611e+02 1.123724933531559600e+01
4.201428874834210774e+02 1.027127427056067290e+02 -1.496334398783684492e+02 1.119114848145592767e+01 2.654492606883658254e+02 1.227934373928832201e+01
-1.686115898072822858e+02 3.790389480414125387e+02 9.074008284127117463e+01 4.653468832829285695e+00 1.716112685694036770e+02 1.190714635324746951e+01
-1.817582905348330087e+02 3.812129794212638672e+02 9.781582985762405258e+01 4.836729759530649098e+00 2.094407493779565357e+02 1.201388281497813182e+01
3.954108752709379360e+01 3.610457411507899224e+02 5.265813232562365442e+01 7.894277898836548957e+00 2.574436783065375494e+02 8.789105865664168959e+00
-2.351532899065447282e+02 3.912339916504216148e+02 1.541616218618549112e+02 6.194326279663930457e+00 2.233148002260486180e+02 1.276545751369957316e+01
-2.089656255543432053e+02 3.971857501001275637e+02 1.339927952461834764e+02 5.924219948952486270e+00 2.142851838088672025e+02 1.287930974272411788e+01
7.570580301821311764e+01 3.491858843145491278e+02 2.886322483386434357e+01 7.694486210175806029e+00 2.640148243943889383e+02 9.273644123177092524e+00
-2.221165626779902027e+02 3.907080870316696064e+02 1.399610524673703367e+02 5.775112260413661325e+00 2.186475245686536653e+02 1.263257211450626016e+01
-1.742956615661958324e+02 4.109072032894184190e+02 9.812787688336152314e+01 5.777553289411007320e+00 2.611911177662823889e+02 1.258082708884791145e+01
-3.749345891701688060e+02 -1.791739049982342067e+02 4.800095349016874025e+01 6.752436228446504707e+00 2.019336772309165724e+02 9.322621443062274693e+00
-2.392147984202913236e+01 -3.632294729021242574e+02 4.006408614136682367e+00 5.407017282615754539e+00 3.123654710431356420e+02 1.386227873936249466e+01
-2.699063874548337481e+02 -2.480766428145175837e+02 -4.191494812833699513e+00 4.907336099720803091e+00 2.516734541027320802e+02 1.281356144454730384e+01
3.996694232467638130e+02 -4.253177231750852627e+01 -1.049467535610060587e+01 6.922279887036316026e+00 2.164886602111066622e+02 8.440745525394419246e+00
-8.837777544721680556e+01 -3.199730047388098342e+02 -7.778681198453389811e+01 6.452267331291059449e+00 2.978703535097106396e+02 1.365832711291918145e+01
-2.205611796294321607e+02 -2.666467170963628064e+02 -3.930545813163026736e+01 5.426973499595247219e+00 2.949235494157765629e+02 1.355139245554590843e+01
-1.192348659189333304e+01 -3.579812497126230255e+02 -1.330580700548935091e+01 5.183137716357393288e+00 2.689887729999153407e+02 1.303396670714622019e+01
4.282772566967146588e+01 -3.347487222724929552e+02 -1.962747538406307513e+01 6.498850153104351435e+00 1.983221873618783775e+02 1.097056332557278324e+01
-4.407016187598095058e+01 -3.405415746311252292e+02 1.517545391143941558e+01 4.612123844931636185e+00 2.954915227210418607e+02 1.354108520484533074e+01
4.034622252481923255e+01 -3.357794927488308190e+02 -1.436789837491693334e+01 6.445843534719760903e+00 2.250886492029307249e+02 1.055973706995148120e+01
-5.425908845388415358e+01 -3.284904613123503054e+02 -5.277170906356720259e+00 4.477656042948957804e+00 2.841992083029085165e+02 1.268326594404436491e+01
-8.781080369125104923e+00 -3.466976104222906088e+02 -3.350058083895062566e+01 4.690725793189334247e+00 2.588139244708444835e+02 9.689539787453952613e+00
6.488173503554860133e+01 -3.214429452431718914e+02 -4.197903990850228695e+00 6.454348402635572413e+00 2.060205329572758615e+02 1.129919288496854790e+01
-4.319653519284297971e+01 -3.320778625142009446e+02 1.152424947750335882e+00 4.365236687864674003e+00 2.813127085646860905e+02 1.309763753575577994e+01
-4.751901388141013705e+00 -3.426571571869981199e+02 -4.198405025387749845e+01 4.538441074614046222e+00 2.592372417304272858e+02 9.282063078386869392e+00
-1.094293448322285833e+01 -3.391972875404387082e+02 -3.472550201407405979e+01 4.391733613289033222e+00 2.564077758181292097e+02 9.267152223030109326e+00
-2.575310009946050371e+01 -3.393704225027366874e+02 -1.664141711790809453e+01 4.713911986313338964e+00 2.528336360138816872e+02 9.363544619618693332e+00
-4.931130982175507427e+01 -3.137355622955593049e+02 -1.305613597885099786e+01 3.880760971082207522e+00 2.664375911916334303e+02 1.228359914392632390e+01
3.366916100423228642e+01 -3.246555714308939287e+02 -1.986213947898121290e+01 5.911072686632413919e+00 2.285364084779490952e+02 1.097498669370649793e+01
3.615293179521668776e+02 -6.836517364510348216e+01 2.685452353272945558e+01 5.104089408267789452e+00 1.960898964760805825e+02 8.672303764623265465e+00
-7.592536151899297181e+01 -2.975706692999753500e+02 -6.683922312054714610e+01 5.084899761111794092e+00 2.637168178179010170e+02 1.258097933054600048e+01
-2.822649987965136020e+01 -3.303716686228560775e+02 -1.752126541602957843e+01 4.308977786358213713e+00 2.469800143736330824e+02 8.526933014053128090e+00
-4.911520352195478267e+01 -3.135723827184639845e+02 -1.311687686211913295e+01 3.872680565324744695e+00 2.517672486643169236e+02 8.958252972334719288e+00
-7.559600992882816684e+01 -2.974010688791438497e+02 -6.677212139061033724e+01 5.071035916502181884e+00 2.491984901639654879e+02 9.231737410861583726e+00
-4.305309745861809034e+01 -3.080700212684490680e+02 -3.071807596019568010e+01 3.606781498225438032e+00 2.348013841526493195e+02 8.350162791544931906e+00
-6.694187074790872316e+01 -2.832548152902965626e+02 -4.458385753867739965e+01 4.227018510685566888e+00 2.494631986887043809e+02 8.989565771720577914e+00
-8.150407313055568181e+01 -2.936815397750194165e+02 -5.736430776319263458e+01 4.926651474468591196e+00 2.533415629145758317e+02 9.227903230975329052e+00
-3.580907114221871268e+01 -2.978095816700509886e+02 -2.899799725244677973e+01 3.167920902962546581e+00 2.159309785556486645e+02 8.250161561466683224e+00
-3.841893519547193492e+00 -2.607276306972493103e+02 2.454748382605608370e+01 3.806685877949695040e+00 2.439744043952151458e+02 8.267094756466079275e+00
4.141286523240893302e+00 -2.581002559078594913e+02 9.408082766375695627e+00 3.676324074992328050e+00 2.106819581739262333e+02 8.890285788288963431e+00
-9.434053359798639349e+01 -2.398479044064039272e+02 -3.305334736984973887e+01 5.614751805109300165e+00 2.398198229921788709e+02 6.677706381805705860e+00
8.171459785159032663e+01 -2.320501057198223407e+02 -3.790083354126750947e+01 4.364506493708578461e+00 2.034116270029813336e+02 8.284799734366885104e+00
-6.626919518832451672e+01 -2.287829744463841450e+02 -3.100931324310219139e+01 4.280527719931337849e+00 2.143833249112439887e+02 6.775043208795622718e+00
-3.562363976491146111e+00 -2.216406172323276280e+02 -1.875908211052603036e+01 4.843959217089658154e+00 2.068486161423372778e+02 9.261760278028816629e+00
9.995855781054734734e+01 -1.743837756727274666e+02 -1.114838590953233393e+02 5.303199189821080850e+00 1.963946536950535346e+02 8.521755326187602009e+00
-8.439106961065320434e+01 -2.070949481063202029e+02 2.287247414493756015e+00 3.606289504240230315e+00 2.186130085333441571e+02 5.511098368986537821e+00
2.505185555381521851e+02 -1.244561790312658900e+02 -6.212208274114898643e+01 7.131279943020943257e+00 1.961248263224215123e+02 1.057023616669617638e+01
7.868100645009489824e+01 -1.739878691065705141e+02 -4.727597847450071100e+01 4.475006101433718797e+00 2.057713476167175202e+02 7.914608230993451343e+00
-1.284346843297787188e+02 -2.051421813326635970e+02 -1.214429393056509454e+01 4.508452080173734444e+00 2.208261986268839507e+02 5.502157986880661156e+00
