-1.891738132607283092e+02 8.270984112503053609e+01 1.692938841178457778e+02 6.012540021397309431e+01 3.659251665299887009e+02 2.344473703881658366e+01
-1.163281495811362163e+02 3.803846949983400805e+01 -2.461661062681960743e+01 3.293777097033913748e+01 2.983079784383917286e+02 1.819090164993104963e+01
6.678730502251158896e+01 5.817313732527331922e+02 -1.996217626298297887e+02 3.511033553282999264e+01 3.648994758834273853e+02 2.339021201941508821e+01
3.191117208131992911e+01 -4.831296001628850831e+02 1.535319827196643701e+02 5.112690417828990697e+00 3.492596849050860328e+02 2.348722521200730284e+01
3.335419288543559446e+01 1.598578441843755229e+02 -1.602746057264520516e+02 2.697788501270592931e+01 3.598244849923362381e+02 2.195593695517584365e+01
1.707534493653750758e+02 4.687233292124229820e+02 -2.215490020598959120e+02 3.666627223321864193e+01 3.757373916713639801e+02 2.332259778221316537e+01
2.561423037612109965e+02 5.607037338311948815e+02 -5.064050413592319444e+01 1.761619705641549061e+01 3.139318198271720348e+02 1.622440448072416075e+01
3.207605871112062346e+02 -1.430549674969554417e+03 -2.498447015731313456e+02 2.856404748112357339e+00 3.013478513279960112e+02 7.551672770642142041e+00
1.860661904275332972e+03 -1.186518302682102615e+02 4.263827139020074952e+01 4.955582137745551563e+00 3.238209999366933971e+02 4.809435477298194428e+00
1.661447088421819842e+02 -1.621202939717769368e+03 -3.050150304484537855e+02 3.188907813082886289e+00 2.927482877832080703e+02 9.829287168664308183e+00
2.376523664203565431e+02 -1.606654875051893896e+03 -2.914380263610873385e+02 3.103515457389224963e+00 2.694045795824562219e+02 9.574551299086863310e+00
2.423031588589946068e+02 -1.618966153059483759e+03 -2.995093428555809965e+02 3.167810436487166204e+00 2.681906551317551362e+02 9.678366133630618151e+00
2.288906941056556263e+02 -1.464463342587908528e+03 -2.493897471401246548e+02 2.843919638466688937e+00 2.843838778833990091e+02 7.933664720700477346e+00
-4.112536383759633054e+02 -9.845650141591690954e+02 -1.419275172738231561e+02 1.181498947430258184e+01 3.683905400522657487e+02 8.477112205986742310e+00
2.639021299512816086e+02 -1.425738618407270906e+03 -2.409926771316812335e+02 2.758134058001633804e+00 2.655078671150819218e+02 7.367495924176779454e+00
1.508049333387016020e+02 -1.468534398019144646e+03 -3.041555015131843334e+02 2.918795328750372953e+00 3.026104591715230185e+02 7.619288661109379746e+00
2.255525132324065964e+02 -1.420913193141364673e+03 -2.540557189421080295e+02 2.717974120758543943e+00 2.856441623768985778e+02 6.452238438203181659e+00
8.529449626595713596e+01 -1.459278638830294085e+03 -3.099907262410483213e+02 3.032400076420121771e+00 3.717100045734576952e+02 8.365379946959478730e+00
-4.877136914761279058e+02 -9.088512316948809939e+02 -5.650047026612607937e+01 1.065507139679131932e+01 3.776809864157845027e+02 7.454431586408020394e+00
3.101280818783130258e+02 -1.415927391992554931e+03 -2.487796190886357408e+02 2.806993751737870468e+00 2.579328400960218914e+02 7.979874169831987274e+00
-6.907949949772165610e+02 -7.865070872657008749e+02 -6.565322087139030316e+01 9.808088754634109563e+00 3.558671662291984603e+02 7.166416885400764158e+00
2.104824274404197695e+02 -1.421027042796033584e+03 -2.603034746495338254e+02 2.765381773375155117e+00 2.826799382694145493e+02 6.479506916319223819e+00
8.567963493806712449e+02 -5.758512347315680699e+02 -1.608476359729216369e+02 4.624388923585521560e+00 2.988448594170560568e+02 7.525194915102389359e+00
2.924925603717948093e+02 -1.342563853517332518e+03 -2.552016014658713914e+02 2.615752518729628218e+00 2.943746719743395488e+02 6.291284266597159558e+00
-1.566623126647093613e+02 -8.405710538987682412e+02 8.578282124892578508e+01 8.034182263630961884e+00 3.724963456196584275e+02 7.590490774090511650e+00
5.122477848711670276e+02 -8.346191379188834389e+02 -6.273018168904300751e+01 7.983744563354457924e+00 2.931155062428461520e+02 7.308867284043685686e+00
4.963376708289566785e+00 -7.566569362899018643e+02 7.579669633243433680e+01 6.667924972154415819e+00 3.353668551005004019e+02 6.524235886235857151e+00
-3.308911305983317561e+02 -7.812169962146880380e+02 8.176179342999141397e+01 8.997077722362442742e+00 3.849806845804085356e+02 6.609136614186667202e+00
-4.987011943323374794e+02 -8.401301670161392394e+02 -5.506931716223688511e+01 1.035541737667690398e+01 3.716189278010472776e+02 7.469479598244475937e+00
-4.987011943323374226e+02 -8.401301670161392394e+02 -5.506931716223690643e+01 1.035541737667690398e+01 3.716189278010472776e+02 7.469479598244475937e+00
3.191756818404724640e+02 -7.115366290115418906e+02 1.482090013510821436e+01 6.020648304921026650e+00 3.229143036472680137e+02 6.212260637315466738e+00
4.209363341014840216e+02 -7.550708296822200509e+02 -7.922499472015891797e+01 6.860477289213214647e+00 2.882855528811667227e+02 6.963549949147932239e+00
-8.466518426573024954e+02 -6.793807386379131685e+02 -2.689559424341993932e+01 1.131445827568894558e+01 3.345901373322292329e+02 7.602864068952357002e+00
4.795563800643570289e+02 -7.484061209612292487e+02 -3.887807611363196258e+01 7.430539640126431422e+00 2.815214512253018597e+02 7.164289175247631647e+00
-1.532033986369939385e+02 -6.909850326412623645e+02 1.139648702186554345e+02 6.959242690092016126e+00 4.283834263834211811e+02 1.246945463374643737e+01
-3.418035993744019834e+02 -7.841052802785317226e+02 8.175734372996895161e+01 9.255574915311299833e+00 3.885668893511128772e+02 7.356667901281809918e+00
1.105096183117502505e+03 -3.648447738395198598e+02 -1.331203556337203224e+02 3.606232577045595633e+00 3.391965912269756700e+02 5.254185066655793435e+00
-4.698014295117248906e+01 -6.577742319079698063e+02 9.800670147114368547e+01 6.624470939216506871e+00 4.008399025795710600e+02 1.216846561010106598e+01
8.919245349021618949e+02 -4.809848875408300160e+02 -1.789423310294950795e+02 3.814759878533758641e+00 2.745617371375698212e+02 6.395179800454428687e+00
3.157639332761088440e+02 -6.601763241988837763e+02 4.591576898405445206e+01 5.262197628951666317e+00 3.326521118225464875e+02 6.308693994416358919e+00
4.572958844035526340e+02 -7.271896465235334972e+02 -4.695049228067637870e+01 7.227327667190117211e+00 3.089337267117334704e+02 6.938325532223217351e+00
-4.164539779192169817e+02 -6.618218441165350896e+02 4.446749571459253758e+01 9.892887528364649796e+00 4.218161329299769591e+02 1.285444575499889197e+01
-6.500825696493291161e+01 -5.747721123534400931e+02 7.423951907987708410e+01 6.029918870806956654e+00 3.926992328742188647e+02 1.190812501563945602e+01
-8.827169199116864320e+02 -5.936528048905221340e+02 -1.725885886060083863e+01 1.101712788114936359e+01 3.125446528098025283e+02 7.192767346027693520e+00
3.541720040686271886e+02 -6.494957238087639553e+02 -3.278629958313555903e+01 6.111671951669218394e+00 3.202476346516863828e+02 9.255557156411867936e+00
2.077350651613056982e+02 -5.883614769827261171e+02 5.250036354599360777e+01 5.600595053016607316e+00 3.218662144432062178e+02 7.807809200585381859e+00
-1.829907450590862084e+01 -5.490228681218654856e+02 8.816125613119548632e+01 5.695471947741938656e+00 3.767952328520094056e+02 1.199948310390368533e+01
3.224278640577818322e+01 -5.343364804219532971e+02 1.598816582920341034e+02 5.026930397978068399e+00 3.611897700655432573e+02 1.261043968681264005e+01
4.390827509424609048e+02 -6.285832014193450732e+02 -1.604178046556533843e+01 7.412556419075777114e+00 3.667883585938899387e+02 8.512951563270860333e+00
-6.644232352393350993e+02 -5.984856422216273586e+02 -7.381105354207898017e+01 1.226308462465627258e+01 3.840484474646395370e+02 1.462730057853548260e+01
-5.203993938694496819e+02 -6.475978655414337481e+02 2.507947078485209502e+01 1.269313099481042606e+01 4.713915675953484765e+02 1.703700369733994080e+01
2.797757220212873221e+02 -5.700528103590950195e+02 8.386438300340013541e+01 5.704278803016471500e+00 4.005932194882983595e+02 8.111599966984783805e+00
1.077593533931764114e+03 -2.864781173449566154e+02 -1.429742561186770331e+02 2.978743167978780804e+00 3.673928959574477062e+02 4.764852756997498773e+00
6.198783716450354575e+01 -5.252025600788772408e+02 1.516194999476417422e+02 5.831000424118110814e+00 3.184442808404634775e+02 1.812365703490957003e+01
1.585083194161886979e+02 -5.374198308072991495e+02 1.386100809901747333e+01 5.846752916127302413e+00 3.431158696417290344e+02 1.200524231442039991e+01
-8.368672764012122798e+02 -5.570576262786566986e+02 -4.322774112856023265e+01 1.198994860976329946e+01 3.601629179968420544e+02 1.349895065090274215e+01
1.583016666051327945e+02 -5.375177263946147832e+02 1.306008217565145912e+01 5.850617321679840721e+00 3.769085134352897057e+02 1.648253231741347236e+01
3.172309756794235227e+02 -5.545747049684471222e+02 -9.926056068216846384e+00 6.590885343593910761e+00 4.430633814704166866e+02 1.126254646794924952e+01
2.133517655308183976e+02 -5.445769801664827128e+02 1.430944415381003143e+00 7.355992522483598250e+00 4.354770114483656585e+02 1.505336886554593434e+01
-2.476951511856823984e+01 -4.685406438754930605e+02 1.730506768615353224e+02 5.318922015271285275e+00 3.227151220503929494e+02 1.697847010704555260e+01
6.781256360812440107e+02 -4.634710483054136603e+02 -1.565446016494233277e+02 3.858966536823771332e+00 3.374701283076770437e+02 5.919772237828567540e+00
1.059276543175042917e+01 -4.803895029850096989e+02 1.572233902761257127e+02 4.413414072692400048e+00 3.279627227292760949e+02 1.450557093013810572e+01
-9.592159966449193575e+01 -4.559232249288811545e+02 1.347297545646699746e+02 7.936615753302257659e+00 4.328158384347781293e+02 2.418145606755567201e+01
2.601289973604669399e+02 -5.173449933089194701e+02 -5.873381809065043768e+01 8.723802654414667401e+00 5.039889780540840434e+02 1.824938231882217110e+01
1.330938624055715707e+02 -5.236185845797572256e+02 9.264025563860185741e+01 6.759035569830923684e+00 3.983980766770843616e+02 1.584276573685147582e+01
-6.898160398590955538e+02 -5.204368129629901887e+02 -1.109837445267326750e+01 1.310329504149553870e+01 4.251604961658596835e+02 1.847487926766586952e+01
8.628293326034099664e+02 -3.170017440403306637e+02 -9.815687133730402536e+01 3.345769692187152256e+00 2.593305612533933413e+02 5.764800503752354643e+00
2.699063841177726317e+02 -4.969415194640591267e+02 -8.931620418564115482e+01 8.802690863156859891e+00 5.022267316660872325e+02 1.850404249772421394e+01
3.191117208131993976e+01 -4.831296001628851400e+02 1.535319827196643416e+02 5.112690417828991585e+00 3.492596849050860328e+02 2.348722521200730284e+01
6.778151539572169781e+01 -4.982672982126968009e+02 1.325864957836685676e+02 6.257842391959417938e+00 3.899127979433350788e+02 2.169244564791495122e+01
-5.609129522770774656e+01 -4.355641531160131308e+02 1.179741459597410227e+02 7.042119671625887811e+00 3.627941702949484579e+02 2.631414920204284158e+01
4.205014642752433218e+01 -4.536806179768976790e+02 7.092038201340612602e+01 6.377466980287896270e+00 3.939521671472311937e+02 2.510615766822706973e+01
7.827267392912352761e+02 -3.289530013687756878e+02 -1.190975804903267914e+02 3.499421055191189733e+00 2.003772130258328730e+02 6.477754163728008052e+00
1.949653047885810793e+02 -4.264755032265018144e+02 5.722519216535661712e+01 8.502170517320024601e+00 4.755069505275396295e+02 1.974196644345727236e+01
-7.918588263922927126e+02 -3.142275727313106017e+02 3.192185290891094596e+01 1.396768623196462933e+01 3.390739447377223428e+02 1.817097065700014014e+01
-8.311290082633372549e+02 -3.040456910152793739e+02 2.901771439684902032e-01 1.157223936244304419e+01 3.333380378834675071e+02 1.251373692500695256e+01
4.027901166195979954e+02 -3.625558401058618756e+02 -1.007730955677672995e+02 8.591711525644646130e+00 5.014095606388055444e+02 1.966054082034693806e+01
2.831180869565660601e+02 -3.888508122318860956e+02 4.178402709254621783e+01 1.000751475809855684e+01 4.859224706679040082e+02 2.118713679807535755e+01
-2.083506756364647288e+02 -2.727252604033629950e+02 -5.960411070044950321e+01 8.583894484056356688e+00 4.256804288430465135e+02 3.263694846741026367e+01
9.140922601266815946e+02 -2.820855389412003547e+02 -8.383586080741508795e+01 2.986982441825494661e+00 2.699578856044030886e+02 4.380269308085587454e+00
-1.004674473434072183e+03 -1.323210156026460425e+02 -3.602621459669766324e+01 9.436036454625176262e+00 2.041024497648178624e+02 5.680185927066688123e+00
-7.818084479767010180e+02 -2.670744725838373483e+02 2.629191384431554823e+01 1.257825510499904986e+01 3.366835457814948995e+02 1.776030091553766965e+01
-8.577102676992922170e+02 -2.834426536864935997e+02 -1.275237770027509221e+01 1.127588369635584087e+01 2.743077833383515554e+02 1.316123356777436015e+01
6.894216911445246296e+02 -1.874914946921844034e+02 2.725520136826969519e+01 5.015297779821564994e+00 1.686073767662613250e+02 4.248312582403698912e+00
4.884576402775310271e+02 -1.806036544065230771e+02 4.420043302451806966e+01 5.648147813582209409e+00 2.664664097029867662e+02 9.494111647486590755e+00
-2.680787591582424056e+02 -1.379308141902295972e+02 -1.102765868727030352e+02 6.117548851278316491e+00 4.138218336434171079e+02 3.256226017312735621e+01
6.786428843684368530e+02 -1.828111860130051127e+02 1.975307136244512662e+01 5.048721757639898833e+00 1.913535732616456926e+02 4.165573492523606092e+00
7.114467224429586167e+01 -1.821577488720088525e+02 -1.471278752048809579e+01 3.405648471651655740e+01 3.800751866407487682e+02 2.627277975498230944e+01
-1.634554034497781174e+02 -2.337934652561416158e+02 -1.447667720851403317e+02 1.261770302241384556e+01 3.632197544187264953e+02 3.090526783917206899e+01
-2.354120040802624487e+02 -2.159627152347298136e+02 -1.139976519335548630e+02 1.012880214423498693e+01 4.174851015305815736e+02 3.461155722345881713e+01
1.566900737906438735e+03 -9.133688027926341135e+01 6.220494977561647687e+01 3.592813323930382996e+00 3.852962496573254043e+02 3.916462203182902613e+00
-1.633340422756513988e+02 -2.338265528448671944e+02 -1.445971846742716593e+02 1.262419790023889021e+01 3.632316616155590623e+02 3.147870660460932868e+01
2.077545113854001357e+01 -1.959619458015492341e+02 1.643453188268131839e+02 3.224384078163365785e+01 4.833784335280174673e+02 2.133379910152348202e+01
2.660712391488563355e+01 -1.937134942958188333e+02 1.344100093889366860e+02 2.975660847227404560e+01 4.866119603955496586e+02 2.077403963522954200e+01
6.225642974387533002e+01 -1.865707327415747159e+02 4.113875393245677969e+01 3.328078603294543569e+01 4.155921197520472674e+02 2.460523637681572495e+01
1.629825028850554247e+01 -1.958906957244422244e+02 1.665170945669421201e+02 2.999769264267953872e+01 4.838328637039861633e+02 2.104067491639227683e+01
-1.694990552928879879e+01 -1.839392472727964787e+02 2.485132469523184966e+02 3.399983369462814409e+01 4.142457573711528767e+02 2.019680122577659631e+01
1.629825028850554247e+01 -1.958906957244421960e+02 1.665170945669421201e+02 2.999769264267953872e+01 4.838328637039861633e+02 2.104067491639227683e+01
3.788800741437575947e+00 -1.902999818429449022e+02 1.834579770815939810e+02 2.828831928862449629e+01 4.502597472570693640e+02 1.801952874580797470e+01
1.108124390463431830e+01 -1.952648371656069912e+02 1.458712647484254603e+02 3.200399272338128753e+01 4.830554419525775529e+02 2.148208872669550829e+01
3.218872732009755655e+00 -1.895194181823050883e+02 1.888344800430604664e+02 2.828831928862449629e+01 4.368367658519598535e+02 1.765535952539903519e+01
3.503755439722365850e+01 -1.855386543485809057e+02 9.412270648002639462e+01 2.660936477119161481e+01 4.620859119254773759e+02 2.126361722749746264e+01
3.479356510311148298e+01 -1.807476151986794832e+02 4.640402452474021544e+01 2.483741565832028542e+01 4.609618096979402253e+02 1.825942159609991222e+01
8.185929027664420232e+01 -1.651355815612070899e+02 6.077465572517238712e+01 3.277478151639211745e+01 4.107023252916886236e+02 2.173835164312501433e+01
-3.441555770277238224e+01 -1.726523528303022772e+02 1.218226099466804442e+02 3.571202186251635169e+01 4.472624620958034711e+02 1.911830036256256449e+01
1.568918514176135432e+03 -8.386436241103022837e+01 6.821626731051846093e+01 3.567042074911400018e+00 3.910193217732340827e+02 4.077293847403581140e+00
1.109797704742747442e+02 -1.409823136202583669e+02 1.667144683291646743e+02 2.142486622910469762e+01 4.091918223767430050e+02 2.292087253318166518e+01
-7.284594910818741198e+01 -1.499822053351495867e+02 4.403383029030036511e+01 4.792649432279472421e+01 3.771365634620965466e+02 2.718118379552026909e+01
7.727762083210996025e+02 -1.557334962277766977e+02 2.819113527844587352e+01 4.818147102916346292e+00 2.472806300541957114e+02 4.209440545605531270e+00
-5.601026123779436716e+01 -1.403264079643966227e+02 6.968329013691950991e+01 3.646595955101351905e+01 3.311212617758031342e+02 2.098715119486669778e+01
1.217454697074608561e+02 -1.302082702443198912e+02 9.022904415434810232e+01 2.219848182496428635e+01 3.964530836051095548e+02 2.624829531733266208e+01
1.238918447366548747e+02 -1.264402742079402913e+02 7.245722445652742749e+01 2.332657938189195690e+01 3.882232959264551937e+02 2.778249768960390043e+01
-3.733435019085432316e+01 -1.293867035350396861e+02 2.582869235750526471e+01 3.490020105769002612e+01 3.223045764490476586e+02 2.010304962791019534e+01
4.370510376820159593e+01 -1.408365609221053489e+02 -1.400829656790232924e+01 3.188271482300474702e+01 4.196739091246917042e+02 2.098246078220438449e+01
-4.553558632159525388e+01 -1.256144568261866681e+02 4.885390154297672183e+01 3.592691660101696982e+01 3.285540442606056217e+02 1.984212916852325748e+01
1.177684943195018121e+02 -1.224665535270253116e+02 1.071876336391181610e+02 2.087927557677185675e+01 4.332202990396456244e+02 2.308946849197127449e+01
-3.056997238621341921e+02 -6.945890552297196052e+01 -3.689499338245714455e+01 1.043997733887747970e+01 3.478545493449812511e+02 3.813288188691586811e+01
1.234820735382218828e+02 -1.216266288935306790e+02 6.078139349880089526e+01 2.135249982138375202e+01 3.483579193875172564e+02 2.415574951015253191e+01
5.437797714680720595e+00 -1.306772005113275839e+02 5.384192006543199938e+01 3.750489360181614984e+01 4.165927597786596266e+02 2.082441112492972479e+01
3.310163783406238736e+01 -1.107483323564155313e+02 9.279013202243628200e+01 4.345817456766449283e+01 4.108205325930046570e+02 2.506605976541666791e+01
-2.867720109769403614e+00 -1.159727734214541073e+02 1.006842063367907372e+02 4.267423957913038635e+01 3.938371332162573140e+02 2.133733251031441114e+01
-7.810878821135800365e+01 -1.037588842982681285e+02 7.533087353190109070e+01 3.435737382907982607e+01 3.362933949693332920e+02 1.804166647774641774e+01
1.854070808063242737e+02 -1.195831775717586964e+02 -5.866329083445191550e+00 1.792739458888786075e+01 3.295547754167734524e+02 2.890929710758092597e+01
-6.544382202605414989e+01 -1.025095690699001807e+02 1.957952179389498326e+01 3.579865278097288694e+01 3.317838867395461762e+02 2.131128176270161134e+01
-6.013815023490537648e+00 -1.144179005251179149e+02 1.090315529665134022e+02 4.091186766436756983e+01 3.840379668730684557e+02 1.966977836956638725e+01
4.815817774696068909e+02 -1.141258614818230797e+02 1.284870134171970335e+02 6.352504254674515849e+00 2.858205512205166769e+02 2.290953623380329418e+01
1.866506361402201151e+02 -1.168054390678625936e+02 -1.195668681670591127e+01 1.755400264392442011e+01 3.349595908464183935e+02 2.854475023370594045e+01
-6.544382202605414989e+01 -1.025095690699001807e+02 1.957952179389497971e+01 3.579865278097288694e+01 3.317838867395461762e+02 2.131128176270161134e+01
4.256395188300546550e+01 -9.437591725784847085e+01 6.338609586556607667e+01 3.840121328099613152e+01 3.704222050579581946e+02 1.754672561829613642e+01
3.674473539658377064e+01 -9.509708666412507228e+01 1.505939903780227667e+02 4.242018305452660343e+01 3.616708828479284534e+02 2.373314579069102592e+01
-7.580661316867296762e+01 -9.828852715028322962e+01 4.636773033520057652e+01 3.725263153993270038e+01 3.363981680984603599e+02 2.249782206096344339e+01
-5.335988711168629806e+01 -1.061841553256766275e+02 -5.738109055776395628e+00 3.506258268106340381e+01 3.313634673587298494e+02 2.248949153852007043e+01
1.395782840086721137e+02 -9.743153570376961170e+01 1.105098719474008391e+02 2.232977693799101715e+01 3.537735999194965757e+02 1.837958219550137073e+01
-2.992322696009149467e+02 -5.911284557243875781e+01 -4.403556886372233947e+01 1.067684786171066058e+01 2.137529590438457774e+02 3.873228352137751074e+01
1.208528850171307027e+02 -9.460894450813978551e+01 1.671971919800564876e+02 1.957339144430003586e+01 3.237154614781320561e+02 1.794121774228636923e+01
9.575977111912601458e+01 -6.473158425449133802e+01 9.619531613000674497e+01 2.957764189736743887e+01 3.070103255592554206e+02 1.476210045062751419e+01
-9.303077950525575091e+01 -6.971363345608189377e+01 1.672567670223231744e+02 4.117400433091371070e+01 2.489315367726636907e+02 2.357224193534194967e+01
-3.718883854161498448e+02 -2.429526617402834177e+01 -1.662929700248072740e+00 8.765704980194673368e+00 4.412534872383446327e+02 2.338448050791572541e+01
-8.718061442916035730e+01 -7.750915366544886353e+01 9.663047398613224459e+01 3.941517037426650916e+01 3.322736033752907474e+02 2.271783818122307252e+01
-9.690204287600120381e+01 -6.364170778733549128e+01 1.698135861911740108e+02 3.708063779707472918e+01 2.476081329439725778e+02 2.201284784182027465e+01
9.575977111912602879e+01 -6.473158425449136644e+01 9.619531613000675918e+01 2.957764189736744598e+01 3.070103255592554206e+02 1.476210045062751419e+01
7.889838920687888901e+01 -6.038207896560727761e+01 8.830243024646419769e+01 4.101453463366810581e+01 2.809024519294910078e+02 2.056511637354014965e+01
1.672685930588035887e+02 -7.382777461855512513e+01 4.371103561500645185e+01 2.133642213232899465e+01 3.906164999075180049e+02 2.163045106567645348e+01
7.888235718159323540e+01 -6.014278127671044416e+01 8.554281933661610537e+01 4.101453463366810581e+01 3.227154280476841564e+02 2.400464056845370919e+01
4.835071919946701655e+02 -7.735053496996404476e+01 1.249904438282818262e+02 7.338574700677166440e+00 2.860100129366103374e+02 2.300764365209980156e+01
8.869133091053333828e+01 -5.436943787012401685e+01 1.336698048878445491e+02 3.566726294189550117e+01 3.034639352542571942e+02 1.708678688492199171e+01
1.551001879970925756e+02 -6.915885492745458407e+01 8.407641867988395745e+01 1.841883387487976620e+01 3.593910126867392592e+02 1.755735168408708091e+01
-9.649741653979937439e+01 -6.235323141781456968e+01 1.706982094090853650e+02 3.709888995032569881e+01 2.502094872302007502e+02 2.184813148436816732e+01
-1.091020093620694382e+02 -4.524957906902975679e+01 1.845382868124137588e+02 3.735375393923731480e+01 2.952793380851426832e+02 2.389351105679020293e+01
1.077087792621669138e+02 -4.564516208635117778e+01 1.361351612872060741e+02 3.074623597412475817e+01 3.088246427991134055e+02 1.309189309966120618e+01
9.359537956643974610e+01 -4.812854525025538521e+01 1.231387246956075501e+02 3.340652305273835054e+01 3.039605031907928492e+02 1.747489549373744921e+01
9.799553816936291639e+01 -4.139935491332689566e+01 1.614491549465933247e+02 3.244282514341479384e+01 3.102729604719044687e+02 1.483130163755461695e+01
-1.372051096402628048e+02 -1.235075912501277706e+01 -1.714031835791973890e+01 2.192267693633032266e+01 3.332786034236221440e+02 2.138332159453469217e+01
1.047989535628226037e+02 -4.279515788154375144e+01 1.366090539571656564e+02 3.040546373178849038e+01 3.618891370295604588e+02 1.480841837175489673e+01
1.017381368804874739e+02 -3.318365295743969767e+01 2.187225748377672119e+02 3.040546373178848327e+01 3.854319784345870517e+02 1.438449364066602243e+01
9.388170886990208430e+01 -3.540767668929426293e+01 2.746531336664966148e+02 3.044318088430884472e+01 3.246698938922424986e+02 1.701195154950369215e+01
-5.035838293038537472e+02 -5.342944985062804797e+00 9.400485711971539615e+01 1.760944005691928282e+01 4.118130492104396581e+02 2.149617299311563556e+01
-1.149010074990327581e+02 -1.409600263619006988e+01 1.114728154669235494e+02 3.748544301490106534e+01 3.545868158857574031e+02 2.504870797716398556e+01
1.143652422560111432e+02 -1.792256449277853747e+01 2.973942792884715232e+02 3.638495951728308597e+01 3.570903072053342839e+02 1.949817498984060649e+01
1.469898702005023097e+02 -1.775026760021632555e+01 3.419630406801998390e+01 2.889690876857332924e+01 3.784144553264317210e+02 1.813152896467556729e+01
-1.137847443134501901e+02 -3.458128574207357087e+00 8.666685791306593956e+01 3.667915435267521218e+01 3.425695403855982022e+02 2.530727408926233579e+01
1.063180905515320802e+02 -1.233585687481865989e+01 2.801700018846096327e+02 3.535001824113570734e+01 3.276890904500788793e+02 1.554457617032278449e+01
-1.433677982977921772e+02 1.851172943244238311e+00 -7.748158291817624388e+01 2.465344206975706243e+01 3.526563872950552536e+02 2.132414475250243413e+01
-5.249109854361668113e+02 3.670293859660323221e+01 1.022585202916172591e+02 1.464924635404316788e+01 4.174174050036725134e+02 2.140677937628512950e+01
2.045711697348860412e+02 -1.285855955061724742e+01 -2.209439152520313314e+02 5.143996399632623451e+01 3.862105999322131424e+02 3.650412928278123559e+01
-1.454086049169736725e+02 6.318705368568460656e+00 -8.788298428917698857e+01 2.450221800003611961e+01 3.431040075545606669e+02 2.008329438044424364e+01
-9.580250598878865276e+02 7.863563957724427667e+01 -9.385026472133465347e+01 1.064881674415428137e+01 2.273751250686846390e+02 7.145835166789979098e+00
1.008703216649605565e+02 -4.668652492471214721e+00 2.213235139258170534e+02 3.530262211697670693e+01 3.219005125811389689e+02 1.659526428091663774e+01
-1.544405030538817414e+02 9.371315301201457615e+00 -1.404003259333379390e+02 2.641404864616056614e+01 3.224920890502586985e+02 2.174704789914770231e+01
1.062396176687811504e+02 -9.043234416870255643e+00 2.680815106196662327e+02 3.420739082335772707e+01 3.239945369909807482e+02 1.399030919111794447e+01
-1.191330183708542734e+02 1.211709511541834772e+01 6.013359568659058141e+01 3.679040329621824412e+01 3.379744775866959117e+02 2.263754268076095855e+01
1.808282909217782048e+02 -2.151252254710729339e+00 -1.513765344409054023e+02 3.944057411643498767e+01 3.562140192356274611e+02 2.843230867291754294e+01
-1.525130974250926101e+02 1.209394445404978136e+01 -1.519743622968249213e+02 2.732120804525919056e+01 3.254778448681261693e+02 2.343291351326811878e+01
9.849561070576324084e+01 1.332032776756118508e+01 2.025053292577879063e+02 3.053452888206130922e+01 3.137213572583160612e+02 1.483356086361004600e+01
-1.819985103102058019e+02 2.251600023343606694e+01 -1.045416918744740826e+02 3.367876883389813258e+01 3.692406092238501287e+02 2.478135936188391497e+01
1.907733638010219011e+02 4.119389650701666739e+00 -1.759212572089890898e+02 4.263075881969372460e+01 3.619074329162085633e+02 2.930321565116054217e+01
5.413854224147828518e+02 4.341107247065865948e+01 5.121080457746369348e+02 2.065308621067571959e+00 3.553428766698440882e+02 5.683381618086031040e+00
-1.061434931610467913e+02 3.236530579124553242e+01 -1.213495481469710136e+01 3.593492595846217341e+01 2.994465060741233629e+02 2.642433245589930380e+01
1.162043416370879783e+02 1.480183729576047647e+01 1.979208664809247580e+02 3.761910471380112142e+01 3.109614566148029553e+02 1.527730774068615460e+01
-1.105396060650579813e+02 2.819695016235670693e+01 2.560941025051856101e+01 3.104251919693692230e+01 3.206685048457363223e+02 2.202393905752569481e+01
-1.154497532314924513e+02 3.128996721472864095e+01 -2.195745946283852845e+01 3.465062700084016711e+01 3.307754941043849612e+02 2.179154533881961697e+01
-1.048055905298202646e+02 3.817168770021756785e+01 1.013607620797019138e+01 3.353271347239503086e+01 3.076628186830511709e+02 2.541645675455936271e+01
9.559362189210247607e+01 4.167729402691114160e+01 1.475405124858367003e+02 3.682503600140432098e+01 3.135136161317399797e+02 1.901757857791835704e+01
-1.113483875345218479e+02 3.421519342132310015e+01 -4.450711613834616109e+00 3.280368503424114834e+01 3.153236868679547911e+02 2.147806522682324726e+01
-1.059355049854618045e+02 3.908153524485329910e+01 7.759723495901682533e+00 3.249579970774868798e+01 3.055945189299048934e+02 2.389656293696401690e+01
9.992640511799189085e+01 4.320237652612843249e+01 1.462983815423187082e+02 3.447464642981042715e+01 3.258696787060741826e+02 1.783876733499687361e+01
2.006065517134374545e+02 2.363770760394328363e+01 -9.858045354315719067e+01 4.591281197989324170e+01 4.118175415156571262e+02 3.355400688203764048e+01
-9.797798321826000745e+01 4.619653369045499147e+01 -6.978370612995917099e+00 3.438071955437307281e+01 2.977442862591992707e+02 2.968207832707722105e+01
-1.647471626575491257e+02 2.577760358994003198e+01 -1.398340343290519456e+02 2.989652332094339116e+01 3.691583671000834670e+02 1.937345188279596186e+01
-9.629731737491241006e+01 4.726649280543831111e+01 2.580099731537124441e+01 3.610658472553637921e+01 2.651509900038089995e+02 3.244676675389618481e+01
1.347939164149200053e+02 5.347308118307957869e+01 1.497589746967358337e+02 4.890910738414987691e+01 3.237317716876117970e+02 2.531590246638199915e+01
-1.063210369431565425e+02 4.630997923584624232e+01 1.181703841993564597e+00 3.337176970858864422e+01 2.903312719980401653e+02 1.985417152419816489e+01
8.156102752370757969e+01 6.783133618972013323e+01 1.542335405508895576e+02 3.358549031609999957e+01 2.824719455096381466e+02 1.970784508233799670e+01
9.036362694395944573e+01 6.385907014915889590e+01 1.186199958233176375e+02 3.486086329722106569e+01 3.343689391974081104e+02 1.946885042266603705e+01
-1.152068726724225343e+02 4.689138201346398205e+01 -4.263815787638862531e+01 3.664032672709750216e+01 2.885792568775517566e+02 1.933573634309405520e+01
-1.831649562358444143e+02 3.228417472012069567e+01 -1.122056718922489580e+02 3.193162969612866320e+01 3.458980015842820990e+02 2.198150605581233208e+01
-1.798686144767586654e+02 3.342547781202223689e+01 -1.073155908960569320e+02 3.037487017792999566e+01 3.403045547741022574e+02 1.996208950824691897e+01
9.036362694395944573e+01 6.385907014915889590e+01 1.186199958233176375e+02 3.486086329722106569e+01 3.343689391974081104e+02 1.946885042266603705e+01
7.941465917241563943e+01 7.481437773468961439e+01 7.005418927330588019e+01 3.614687953926974018e+01 2.376366764621993752e+02 2.319628249507763940e+01
-9.379117362211528075e+01 5.736956360759101869e+01 9.863037583302160272e+01 4.439494522483642669e+01 2.761371941626118769e+02 3.287602845573749732e+01
-1.211481373663611834e+02 5.900311071772733129e+01 4.974099193947425945e+00 4.255751094022696179e+01 2.858414726732284521e+02 2.023462673797183697e+01
-1.801234303825480083e+02 3.509310292426560096e+01 -1.031053509971771263e+02 3.142881282248002606e+01 3.472518214495066218e+02 2.382265219734040329e+01
8.564188212425818847e+01 7.751746674366619061e+01 4.736324364658899100e+01 3.599280476205936452e+01 2.523496136315647504e+02 2.075098014824922643e+01
1.123495138786055776e+02 7.671374750366283024e+01 1.041360643317226078e+02 3.399479120848626224e+01 2.353003612406917000e+02 1.764905025329954924e+01
-1.024582626461190785e+03 1.134362199463133010e+02 -8.803582056371658382e+01 9.273810225091285275e+00 2.159862032630788065e+02 6.299666621749480555e+00
-6.860092795307922131e+01 7.490547157949029611e+01 2.148794757607976891e+01 4.840865775291823070e+01 3.282153980239196471e+02 2.978127695108972262e+01
6.070743551705049157e+01 8.911202686172872234e+01 8.750505997010802162e+01 3.286956672395687917e+01 3.405693174670906842e+02 1.834277001158704934e+01
7.860468036646022938e+01 7.983755756543273208e+01 7.622238966175547148e+01 3.065881723483018462e+01 2.584521425718888850e+02 1.834327470095081480e+01
4.057606235437926756e+01 9.284679356159701058e+01 5.647122019982523966e+01 4.185547407549165655e+01 3.723944279926862464e+02 2.697632299875391482e+01
-1.008683685866964055e+02 7.238473099718100912e+01 1.175449349458340862e+02 4.031373960041840121e+01 2.450665215813861266e+02 2.719982673507725224e+01
3.432655836607917621e+01 9.628500962972449884e+01 4.578438921422860375e+01 4.801444187061713365e+01 3.981126065574915174e+02 3.011380275605102952e+01
-2.056792647720002876e+01 1.028439135817465342e+02 -1.209234461480409664e+02 4.815270359083886831e+01 3.527932078427814986e+02 3.035259650027953171e+01
-2.133192390326532006e+01 1.027323247387851808e+02 -1.165363408278731328e+02 4.872650654711755891e+01 3.615981574897748487e+02 3.313990058099417979e+01
3.480894318947361654e+01 9.650587100373186900e+01 4.537710423518201708e+01 4.785990280399927599e+01 3.883569749598943304e+02 2.914746684466777538e+01
1.829270066494821094e+02 8.542200692987579203e+01 2.286894452708781671e+02 6.772401529961045696e+01 3.690993226761598862e+02 3.135420036893074780e+01
-4.089639942461698929e+00 1.041060296567963093e+02 -7.246645450956458490e+01 4.750936691495151365e+01 3.901072000104586550e+02 2.973516055677029613e+01
4.048151875060258931e+01 9.313806832387106738e+01 5.419144535698074350e+01 4.185547407549165655e+01 3.877242447926103068e+02 2.814212728148817177e+01
5.261960623248835844e+01 9.383565955846262341e+01 1.252424044357474457e+02 4.185547407549166365e+01 3.775292571443966381e+02 2.878685240414438340e+01
-2.743409799174679264e+01 1.025148421487395467e+02 -6.078988112464629268e+01 5.374025732432630775e+01 3.385793703107145802e+02 3.098440203517264990e+01
6.030039428955038261e+01 9.325633336867826984e+01 1.243043119513832693e+02 3.442351417174234740e+01 3.665698125869068349e+02 2.505035686427510200e+01
1.301006984330682030e+02 9.447507449171283156e+01 1.986503221984359868e+02 4.174947914850028496e+01 2.729832000325294530e+02 2.175236511353097058e+01
-7.541409995244513311e+02 1.760926441603814396e+02 2.395179943197191008e+01 1.295586961042097407e+01 4.164327676828517610e+02 1.901643179047178478e+01
7.057567503346650994e+01 8.611036448326603931e+01 1.414922698224540625e+02 3.122167286984364409e+01 2.825059999362845247e+02 1.894781931815228404e+01
2.551502340315360939e+01 1.015723953281203933e+02 2.991621444288551501e+01 3.888512832551997889e+01 3.784933123583559222e+02 2.607869503381786558e+01
3.807409825907382839e+01 1.013722372360816024e+02 4.821079189178758639e+01 4.296063957652793164e+01 3.965958396150923022e+02 2.800162034885806861e+01
-3.339209275145346112e+01 1.133692283364170237e+02 -1.157460663157240077e+02 3.955009126463200175e+01 3.021308449993147747e+02 2.063070442229738433e+01
-1.618335031466657767e+02 1.019322629859521641e+02 1.849897481350232908e+02 4.890270358271612139e+01 3.134226539355443606e+02 1.905705044978265050e+01
-3.339209275145346822e+01 1.133692283364170379e+02 -1.157460663157240219e+02 3.955009126463200886e+01 3.021308449993147747e+02 2.063070442229738433e+01
-5.537012177324145341e+02 1.528860146554659991e+02 1.420943954579297781e+02 3.067995317512012576e+01 4.552891251721262051e+02 2.651053769720877540e+01
-1.243645116322497017e+02 1.272270578673931283e+02 4.564627189213999969e+01 4.826770779448163040e+01 2.589257422505534123e+02 2.587298275269958481e+01
4.992678581139048077e+01 1.088224004872593866e+02 3.542165739440043382e+01 3.805965633663280556e+01 3.997602406443141945e+02 2.504767225803959718e+01
5.458774305164736234e+02 7.576204701968894994e+01 5.477948344625085610e+02 2.247259252236400773e+00 3.908721018440687089e+02 1.461572840868208800e+01
-9.407446219723068737e+01 1.244834876058591675e+02 1.264054783309108103e+02 4.253178965423945357e+01 2.565243214589992817e+02 2.591140015238437400e+01
6.772691661085895021e+01 1.095683996009202730e+02 5.221348229127491436e+01 3.338535552704597364e+01 3.367804180768234801e+02 1.832480609159861729e+01
-1.735116694435744762e+02 1.108244831123795251e+02 1.725352973023404672e+02 5.037768530279399215e+01 3.313509129306874001e+02 1.845690761006810021e+01
-8.102103617615972553e+01 1.190636655510143953e+02 1.301895259341946485e+02 5.393794396125501578e+01 2.508875993348415818e+02 3.076986810848157461e+01
-1.110632759302446715e+01 1.239567260658497503e+02 -8.424102719924897542e+01 3.813226189398636023e+01 3.335639781211394848e+02 2.048382969715231638e+01
1.974965996601072504e+02 1.417284862537818526e+02 3.070025911392543705e+01 4.631050007155362636e+01 3.796840660338539806e+02 2.639848700649508828e+01
-9.763795453265512458e-01 1.352594042604802667e+02 -8.125899507053745197e+01 2.696355591163228382e+01 3.792005373150201990e+02 1.863375834096100903e+01
1.819727397732263512e+02 1.526770323785935943e+02 1.218979828255603195e+02 4.242592962804257439e+01 3.779491070236837800e+02 2.257312876097338972e+01
-7.260109157136519116e+02 2.273589300626564409e+02 2.093706306081868007e+01 1.445626329038363878e+01 4.503095712951257497e+02 2.185114925077107273e+01
1.931142055626862089e+02 1.519022059841300347e+02 4.965088045474329448e+01 4.172508832847394444e+01 3.570451337016091884e+02 2.315077515304082567e+01
-6.449528797666984019e+02 1.870252158907965452e+02 8.866042179893680952e+01 1.834234675703746120e+01 4.535255753538051522e+02 2.308739743409546463e+01
-1.371244495028553843e+02 1.485021146308289133e+02 1.633715005141600329e+02 4.189844124530984715e+01 2.608499377036536657e+02 1.917726208073645466e+01
1.298197828264347322e+02 1.387393648122455829e+02 2.052041672632845462e+02 4.166279938963842255e+01 3.514542466666180189e+02 1.651789448249812153e+01
-5.569187623934265474e+00 1.526969779079126397e+02 -7.002433297035884152e+01 2.543694562332236941e+01 3.046426759336255827e+02 1.513615477388245267e+01
5.145616308427154451e+00 1.540860493714437212e+02 -1.286772651829029712e+02 2.143540218467433789e+01 2.893757548586266921e+02 1.860893056153503267e+01
-9.293435583454053983e+01 1.589900547650373426e+02 4.333812324598278565e+01 4.149185380001944878e+01 2.290112660984170816e+02 2.087993671359888026e+01
2.943734017299943062e+01 1.621732139151197600e+02 -1.361415480089087851e+02 2.713626907771785213e+01 3.659591882983675077e+02 2.385799159141612336e+01
-1.473150496616254657e+02 1.675176907500268442e+02 1.346480173298868124e+02 4.680355537249786835e+01 2.447963643520875507e+02 1.931998885364458829e+01
-1.741904791850805339e+02 1.606277088471707373e+02 1.145138539392078769e+02 5.543050637112317958e+01 3.324051894901762694e+02 2.295672137494861431e+01
-1.392357270256359492e+01 1.582170195420759171e+02 -1.916780765946019827e+01 2.341655603432176846e+01 2.563874558163874440e+02 1.759975617117106594e+01
-8.538489412247993471e+01 1.581107896031940925e+02 2.237070797202751393e+01 3.733823224235955252e+01 2.319628202967018638e+02 2.017598728197600622e+01
1.255833998744909330e+01 1.658935138606240685e+02 -1.200927927154503720e+02 2.284236530439734736e+01 3.172771501384869453e+02 2.303294168558520028e+01
-1.079603400359237071e+02 1.597263184618608705e+02 5.674354375687941143e+01 3.796724762715427914e+01 2.306008456185709576e+02 2.118844120532928343e+01
1.666582343249013576e+01 1.678975745465100431e+02 -1.178391938858173091e+02 2.219006014967003537e+01 3.067108532478105758e+02 1.932022850732619190e+01
-1.079603400359237497e+02 1.597263184618608705e+02 5.674354375687943985e+01 3.796724762715428625e+01 2.306008456185709576e+02 2.118844120532928343e+01
3.996999191907561055e+01 1.703144631038132388e+02 -2.116813941983136544e+02 2.937075675535173502e+01 3.030253124740571593e+02 2.169690614334348311e+01
-1.063732075725170745e+02 1.626079265291689921e+02 5.504504697398915880e+01 3.644507223246775141e+01 2.262192023237638239e+02 1.924634883659756213e+01
4.620427863039262917e+01 1.750386154467597919e+02 -1.317695614146169021e+02 2.808980832406895090e+01 3.869785879089435525e+02 1.692402549085230135e+01
-1.366697737355448510e+02 1.786401602770137913e+02 8.496408424459495734e+01 4.641955178694225737e+01 2.545003143416526257e+02 1.967835223085513974e+01
1.772831549880941964e+02 1.848506865336751446e+02 6.893130182037143072e+01 3.956981095001743398e+01 3.794997233200572282e+02 1.850644676783150544e+01
2.616421412565926730e+01 1.770676721786905148e+02 -1.368361768034088755e+02 2.372670338935028056e+01 3.244959591427912073e+02 1.902084014120694633e+01
1.418415807960618835e+01 1.713774918307702251e+02 -1.015032274460439936e+02 2.080618009699556126e+01 2.985407635482966953e+02 1.682494288913048308e+01
7.474649476879519083e-01 1.752173213121042750e+02 -1.022382583741829052e+02 2.035121786751205875e+01 2.990945502679712718e+02 1.406063268223212503e+01
-6.374820670589759857e+02 1.670322836227304037e+02 9.908090487615540098e+01 1.968884586611957488e+01 4.534702305554357054e+02 2.323671313500548763e+01
-5.488493687902060856e+02 1.866080623361358164e+02 2.099909893639047311e+02 3.543206678814370036e+01 4.838359716887532613e+02 2.877739645831428561e+01
7.520063841603183619e+01 1.960254705583539021e+02 -1.381426317928727485e+02 4.407066006280558668e+01 3.978821307874983972e+02 1.830769179487089104e+01
-1.550376193626646568e+02 1.912297866756179872e+02 1.008985946927544433e+02 5.056332123290014380e+01 3.198363448703101994e+02 2.204825819148547339e+01
1.141552196951225113e+02 2.092613968810695724e+02 8.016819644861814709e+01 4.948183952500366445e+01 3.409573433730383840e+02 1.701433484972471888e+01
-1.689210442746039860e+02 1.972869756431055634e+02 1.068161564159810411e+02 6.686645848023644589e+01 3.415676946082577388e+02 2.537272281270406893e+01
-7.106241150876056167e+01 1.925591270095975460e+02 5.145707339269463176e+01 3.066287903320947095e+01 2.537339354520794075e+02 2.360033769277875138e+01
-1.544459415390085155e+02 1.942445467431324744e+02 1.031049895057315382e+02 5.341611993248048407e+01 3.205764183467024395e+02 2.333000036753281847e+01
-6.197398293683965775e+00 1.869939125072856143e+02 -8.531185591551776781e+01 2.328071827704776453e+01 3.135080541230161089e+02 1.754696798728676299e+01
-6.267168910627989220e+01 1.976996500878293546e+02 2.249967334522554907e+01 3.174790703946941761e+01 2.971131097747119156e+02 2.085901958854634586e+01
-1.259528202931674912e+01 1.904582955558471440e+02 -1.159173151921960283e+02 2.488336308623472704e+01 2.823672210083882987e+02 2.059188787241416208e+01
1.392470254437849349e+02 2.261947441873732032e+02 7.948056624311580265e+01 5.812843393939247250e+01 3.703609421901828682e+02 1.938014797661551825e+01
1.703431973508992598e+02 2.216868930245072988e+02 -8.022450378486260547e+01 4.372116239670395998e+01 3.772655430860338015e+02 1.893859570208266518e+01
-1.803405229239461960e+02 2.098629799270912883e+02 1.177330314066106354e+02 8.432842825377520057e+01 3.488936944113493723e+02 2.781240938101404936e+01
5.622932647606446608e+02 1.243319966929344247e+02 5.374465143869998656e+02 2.265397622915178211e+00 3.918594741740973291e+02 8.166470312795013342e+00
9.128431380921774974e+01 2.201522607536443559e+02 -3.323360285049858476e+01 4.312626413040027984e+01 3.599493575490863009e+02 1.531692370748882581e+01
6.260192282248580113e+02 1.080274270191140289e+02 5.273591049071636689e+02 2.485718879053830488e+00 3.072104490410441713e+02 4.215898511219137390e+00
5.912470802904493894e+01 2.117917893710035173e+02 -1.320687746593526413e+02 4.235016840390208159e+01 3.420678441479116714e+02 1.739979306216304167e+01
1.703431973508992030e+02 2.216868930245072136e+02 -8.022450378486261968e+01 4.372116239670395288e+01 3.772655430860337447e+02 1.893859570208269361e+01
3.525949203314701919e+01 2.145452102099977196e+02 -1.941032387618464270e+02 3.619204507436420926e+01 2.770045622367978240e+02 1.760052755268171154e+01
-1.251429250781721976e+02 2.037636233732667961e+02 -3.261887590342047361e+01 4.604787942261339140e+01 2.856219354321373203e+02 2.094918464096843991e+01
-1.934422690523344386e+02 2.218882783897935553e+02 6.310433297907655970e+01 1.002935779456060743e+02 4.156795971658941653e+02 2.987513048125788373e+01
7.993275379613338316e+01 2.308666566507764344e+02 -4.823857199680728058e+01 4.771960129914538129e+01 3.634069722776380900e+02 1.798033268484027758e+01
7.993275379613338316e+01 2.308666566507764344e+02 -4.823857199680728769e+01 4.771960129914538129e+01 3.634069722776380900e+02 1.798033268484027758e+01
1.703431973508992030e+02 2.216868930245072136e+02 -8.022450378486257705e+01 4.372116239670395288e+01 3.772655430860337447e+02 1.893859570208269361e+01
1.201903885493612165e+02 2.431083238498178503e+02 -1.350012111599681575e+01 5.777116766661679748e+01 3.494891808053577051e+02 1.995764860601872215e+01
4.206879119942287275e+02 1.792082972825451463e+02 2.234242183551817789e+02 9.222738761671317675e+00 4.074403361229715301e+02 1.807776362409148874e+01
-9.869365207955039523e+02 2.402068071682417667e+02 -5.490919138920446585e+01 1.000895416482775779e+01 2.161120716202591154e+02 6.099436572932305012e+00
-5.904090318355487454e+01 2.520455050028008088e+02 -1.177606061034557285e+02 5.572067706650424412e+01 3.286635665844329992e+02 2.664095527274204755e+01
1.263521294805029385e+02 2.438106965127864214e+02 6.201534156805545095e+00 6.202257320293973208e+01 3.560613570720641405e+02 2.136732797356171432e+01
-6.195461840265843421e+02 2.898859317278835874e+02 1.534264378533533772e+02 2.267631778365160500e+01 4.603752708389102963e+02 2.499575329344676788e+01
-1.548955385193211214e+02 2.688886812799126460e+02 -7.452473534054756499e+01 9.412582487784557372e+01 3.976610239890250682e+02 3.211017303088527797e+01
5.839047920425725806e+02 1.491718430883177007e+02 5.504460682647201111e+02 2.372236805573256557e+00 3.786039619444043751e+02 3.911235125972638116e+00
-7.087228613036139677e+02 6.606884437914347927e+02 -3.432319657711497740e+01 2.873712658101360340e+00 3.102651245306182091e+02 5.778583635153609066e+00
1.194621480461972396e+03 9.832565344231798576e+01 1.020797880779770850e+02 5.415352085794164161e+00 2.501998401278466133e+02 3.911135663870808798e+00
3.855405501252403724e+02 3.733149985296020645e+02 -6.816139538611163573e+01 1.286545179803454886e+01 3.425949320991190916e+02 1.716177854990286278e+01
-7.015834090383199282e+02 6.665334957551136768e+02 -3.438244706165430387e+01 2.902311905556685279e+00 3.193003131849388296e+02 1.113899704440532901e+01
-6.562566855860599162e+02 6.750701871985792195e+02 -3.816451750413798294e+01 3.114655141538857031e+00 4.327928228379024063e+02 1.766004010503476707e+01
3.435302554007820390e+02 3.951736176847563797e+02 -6.826591072321437537e+01 1.484850049645902459e+01 3.453193992523443399e+02 1.785462234202000786e+01
3.404335133828200242e+02 3.968224982433986270e+02 -7.372739052349984945e+01 1.466788782026744542e+01 3.165832394489638659e+02 1.435470227514829844e+01
-7.281129115844269108e+02 6.650509851342023921e+02 -5.473449801400878556e+01 2.925431393440429240e+00 2.347002077118808074e+02 6.096838188000091918e+00
5.672792278032183049e+02 1.721208932246613870e+02 5.261748593125450952e+02 2.649380259805378390e+00 3.443148849527129869e+02 8.943730904712452912e+00
-6.528398285221726383e+02 6.812989428388066244e+02 -3.436907910545128431e+01 3.103671966288011674e+00 4.416993858949772402e+02 1.770815512085727050e+01
-7.150388936007319671e+02 6.756073868984067303e+02 -4.741741899538701688e+01 2.913912911576256093e+00 2.450233611311378468e+02 1.204833160372302814e+01
5.029609765755377566e+02 4.084394602151332947e+02 -4.124009156999611747e+01 9.287573522687017302e+00 3.370787593426794047e+02 1.192121159445440526e+01
2.971815845721457094e+02 4.842356750816155682e+02 -6.813918298782742511e+01 2.030831463947233573e+01 3.162262599785159978e+02 1.800604131244895711e+01
3.457509781701270981e+02 4.440425715695592430e+02 -3.136215266580165562e+01 1.584219729363399054e+01 3.427662869945058901e+02 1.607707061496876122e+01
-6.394849521085648121e+02 6.926308785723356323e+02 -5.042488887965292577e+01 3.020539798720001556e+00 3.982784798354036297e+02 1.581563179959610466e+01
4.053550332450122937e+02 4.826994000518047869e+02 -3.284115208035301947e+01 1.240943628916781627e+01 3.061570838638230612e+02 1.012988309571994705e+01
6.416758021015442637e+02 4.272962905132974925e+02 1.523592833110739342e+01 8.507529255022904024e+00 2.270582028908006862e+02 5.599219599597176966e+00
1.541452985602945205e+02 6.682328888341238553e+02 -1.214416558142496569e+02 2.462059086300945410e+01 3.520649229900644173e+02 2.269351189546347314e+01
-5.823874582124736889e+02 7.652109256030005326e+02 -7.291049651672278742e+01 3.234724255334952669e+00 3.130799059345712863e+02 1.928207885751157846e+01
3.118741927009343158e+02 9.857853438539154922e+02 -1.308345633480589321e+01 3.318690613549887480e+00 2.820546888459754200e+02 1.135436994917705533e+01
-9.700501448040692765e+01 7.299219150804680112e+02 -2.682830292357185726e+02 1.748652866429662112e+01 3.434753411818671225e+02 1.513577589090343167e+01
-8.965587365171829504e+01 7.519355465800332468e+02 -2.729013115053563752e+02 1.775513152728289157e+01 3.694546656898515948e+02 1.806458637277873436e+01
7.277941730197768493e+02 5.345414080570935766e+02 6.412082348824536382e+01 9.356436687371452621e+00 2.218613249306872603e+02 6.338195293227556704e+00
7.649531359206938532e+02 4.930144513864896680e+02 7.489988061766537442e+01 9.334163369830386969e+00 2.243520615015605415e+02 6.270961612892676840e+00
-5.633445290763253297e+02 8.158002396459612555e+02 -7.655245603837586543e+01 3.107269417854693128e+00 2.599551692119238737e+02 1.666857968073188090e+01
-5.614172959436205019e+02 8.208718319811754327e+02 -8.076627297223051016e+01 3.164595458979883258e+00 2.837594535870126720e+02 1.991777589117666025e+01
-7.199661978874518127e+02 7.527079804624576127e+02 -4.535105037237759973e+01 2.819134655619785157e+00 2.591714876293301018e+02 5.942149993214968617e+00
2.423790397792959936e+02 1.004217693504580097e+03 -3.935587398811125581e+01 3.160795991474609767e+00 3.286302025073167670e+02 9.696076548228802494e+00
3.665616832878561127e+02 9.703967987604783048e+02 1.267182142856589699e+01 2.991687137026413978e+00 2.925898622645698879e+02 7.719224061320545616e+00
3.150427216802557950e+02 1.011823342073665685e+03 1.295923128968960558e+00 3.247152298415478811e+00 2.830651161835382368e+02 1.057196805719200938e+01
2.187501636119916668e+02 1.034518502174215655e+03 -3.076591690731205020e+01 3.100784481472952159e+00 2.902018090915354378e+02 9.621934346879299937e+00
-5.766595727595340577e+02 8.486477093641204874e+02 -7.261349010990684860e+01 2.921887504643235545e+00 2.797596244993191021e+02 7.840910314914964374e+00
4.342772041253454063e+02 9.287191566253474093e+02 1.410545553700687549e+01 2.848782283411336547e+00 2.110900933251013782e+02 5.894205286661517107e+00
2.972645830948630419e+02 1.038882157749013004e+03 -5.897194830583774028e+00 3.289010385677841874e+00 2.909708361674757384e+02 9.950780644228956362e+00
-6.282905871932093760e+02 8.488930457372582623e+02 -7.271371334801810349e+01 2.775589798428841348e+00 3.097557545873845015e+02 6.154143978475843824e+00
3.568740183284888303e+02 1.020768644889819143e+03 7.210481566272131104e+00 3.142657756602966312e+00 2.458581704967317307e+02 8.886436883892898209e+00
4.152710267802724502e+02 9.557117868253309325e+02 1.705320194158187519e+01 2.900627994037998203e+00 2.548686867781132719e+02 7.889813730062343211e+00
2.908392906187108906e+02 1.064040921100284095e+03 1.686033313696056801e+00 3.249106853984617516e+00 2.571574614900372353e+02 1.074233729567652063e+01
3.568740183284888303e+02 1.020768644889819029e+03 7.210481566272134657e+00 3.142657756602966312e+00 2.458581704967317307e+02 8.886436883892898209e+00
-2.309220423119316763e+02 1.046377157914688496e+03 -1.513137322795477360e+02 1.184524963945964338e+01 3.038750730152113420e+02 9.169219635642406274e+00
-5.856355022968930371e+02 8.792022242999425998e+02 -7.099277508444234286e+01 2.842947066640365783e+00 3.050644644988989853e+02 7.231538675000081184e+00
-5.712408212783840327e+02 8.868180971616769739e+02 -8.111057750898669383e+01 2.868791648364223068e+00 2.895492186140380682e+02 7.387729988879016219e+00
-5.638634210516012217e+02 8.920754750318063770e+02 -8.287716585193470564e+01 2.864369154829752961e+00 2.772146460777279913e+02 7.446474840547551821e+00
-6.040696231262409128e+02 8.780436870549865489e+02 -7.173854837189496436e+01 2.772874745538240315e+00 2.979571907170558802e+02 6.750608710586845973e+00
2.585801312169768948e+02 1.073998994391457018e+03 7.418119645142101426e+00 3.139923856112611933e+00 2.851086240365240201e+02 1.103454662714884194e+01
-6.118692917449951665e+02 8.751747732021115098e+02 -7.402060833946914897e+01 2.786194716783278569e+00 3.454194696307665140e+02 7.189612042797421054e+00
2.760605298842970114e+02 1.072089000513590918e+03 6.965811062840197465e+00 3.141749902690841978e+00 2.699075582491161072e+02 9.637669014673207357e+00
-6.040696231262409128e+02 8.780436870549863215e+02 -7.173854837189495015e+01 2.772874745538240315e+00 2.979571907170558802e+02 6.750608710586874395e+00
-5.718586000912470126e+02 8.913343136074601034e+02 -7.436206402786399394e+01 2.845505431498376314e+00 3.083489095164761693e+02 7.238300313968039745e+00
1.757902222538758963e+02 1.093648141703595456e+03 -1.419269162814531349e+01 2.918881611261532338e+00 2.750530676069619744e+02 7.439347958401185679e+00
-5.712682538954011306e+02 8.940425561471722631e+02 -7.991245808730202782e+01 2.866966927738700655e+00 2.953507194844800097e+02 7.538144422185069971e+00
1.457082174367514824e+02 1.097263997083180811e+03 -2.121696941243585144e+01 2.945148819048712063e+00 2.664932034780624122e+02 7.516008708487845524e+00
4.759241328691409763e+02 7.754637567255938890e+00 2.449642326491506878e+02 6.083077439897467187e+00 3.844886864395361954e+02 2.102423158674201886e+01
4.429325787948066591e+02 -2.417060033372760870e+02 5.428864300795998332e+01 7.932059734248229077e+00 4.091737131097255542e+02 1.858838848813027766e+01
4.525074351967664938e+02 -2.169341899128130251e+02 6.736020073453187251e+01 7.841617770729973458e+00 4.041902120289406639e+02 2.008371273295213655e+01
4.525074351967665507e+02 -2.169341899128131104e+02 6.736020073453191515e+01 7.841617770729975234e+00 4.041902120289406639e+02 2.008371273295213655e+01
4.521523087351069421e+02 1.190020416669179184e+02 2.401386487674560044e+02 9.395984690869463307e+00 4.037650895013089212e+02 2.276953486357925271e+01
4.115246175714037804e+02 -3.165324987107257471e+02 3.080937669507654686e+00 1.040732672560167060e+01 4.844120637432557146e+02 2.128331800802098428e+01
4.692055016673879209e+02 -9.290125540474575416e+01 1.033744335093846161e+02 8.918362980056937062e+00 3.284628555864422310e+02 2.549491954683600170e+01
4.253185243358830121e+02 -1.768588368442118508e+02 2.841453393884940226e+01 8.889072951057436001e+00 3.330947462809943431e+02 2.454036194472485022e+01
4.354790724298996452e+02 5.911290738003128808e+01 9.561687321123930872e+01 3.213268166575873153e+01 3.611805469567817113e+02 3.565460507368027265e+01
4.217717842283968821e+02 -1.339068363447019863e+02 1.103915400430457510e+02 8.889072951057436001e+00 3.469595221347873348e+02 2.390236198330208595e+01
3.596316941383974495e+02 -3.182215812701830160e+01 -1.048793906164263063e+02 2.728955899646203775e+01 3.411470504049536885e+02 3.484494250429969497e+01
3.607674839003045690e+02 -1.685991781956598743e+02 -5.883943936274904019e+01 1.750663432135758413e+01 3.590570254151838867e+02 2.798536634631616948e+01
3.056615045743142218e+02 -5.431129217766380890e+01 -2.690112692466373687e+02 3.443224219791262897e+01 3.334262887056148088e+02 3.000445780826004238e+01
2.463456356748095004e+02 -2.007811748284805731e+01 -2.785564013428955832e+02 5.288841233544270182e+01 3.798384492122934262e+02 3.405451687932296068e+01
2.194547464077437553e+02 1.314629989094507039e+02 -5.151298978444385313e+01 5.701791709212438519e+01 3.822893243343318659e+02 3.495025567708813696e+01
2.206202960641482775e+02 -2.863183384389148500e+01 -3.242860688302089898e+02 5.720547113435506503e+01 3.968611690503367981e+02 3.478329129486078841e+01
2.101494033091518077e+02 1.145327733903424594e+01 -2.213303952549390203e+02 5.434787921455198045e+01 4.138595293091606777e+02 3.701976393688875078e+01
1.881950989495987869e+02 1.806517947405894233e+02 7.165699683558469246e+01 3.970563570372940632e+01 3.979406488410049860e+02 2.194727758304998133e+01
1.834338256260126343e+02 -1.492358976123806826e+02 1.091517140170829094e+02 2.234566266026309833e+01 3.474287552866054511e+02 2.904313763048435248e+01
1.746550889736546424e+02 -7.998314559257994460e+01 2.850317476010356188e+01 2.542430332872881493e+01 4.061641632394468502e+02 3.130084624619431111e+01
1.834338256260126627e+02 -1.492358976123806826e+02 1.091517140170828952e+02 2.234566266026310188e+01 3.474287552866054511e+02 2.904313763048435248e+01
2.033781853195584972e+02 -5.758697401026323659e-01 -1.940884226997418409e+02 4.844211433849739734e+01 3.907086478438889117e+02 3.440227962842143938e+01
1.920145654094413885e+02 7.249888738687089074e+01 1.822034818463595798e+02 6.772401529961045696e+01 3.815683556061744639e+02 3.139159157782432885e+01
1.947625419562491516e+02 1.738996310701438830e+01 -1.274735688983415969e+02 4.422883017316966203e+01 3.940565314774011085e+02 3.219141464455103119e+01
1.791688838241533404e+02 -1.547596789852720178e+02 8.844399763309313300e+01 2.191614186035240053e+01 3.504365991160169642e+02 2.923037829293778600e+01
1.972594334608933195e+02 -1.027152283414184097e+01 -1.694436140297533484e+02 4.663902788929541288e+01 3.795974545488944614e+02 3.407866662676826763e+01
2.812739575240600516e+02 -3.104003885133377594e+02 1.724316912219747522e+01 2.162520396930493405e+01 4.918639649333949819e+02 2.444457901746670814e+01
1.854517624089432672e+02 1.976964045449291234e+02 2.831102542479668926e+01 4.000897571586214951e+01 3.592626441755390374e+02 1.872784709782675350e+01
1.929597051589949501e+02 -1.627812439552115720e+01 -1.472398418308685564e+02 4.110924406914763551e+01 3.467001586385561609e+02 2.746973263910416563e+01
1.807388149001118336e+02 2.050730919410847264e+02 2.980244931286276255e+01 3.987107131199773846e+01 3.576403360920018031e+02 1.821671936343824427e+01
1.917463814057619231e+02 7.325333902857164681e+00 -1.909216946783047604e+02 4.443327036307731248e+01 3.767061022866499798e+02 3.154337902324229503e+01
1.703431973508992030e+02 2.216868930245072136e+02 -8.022450378486259126e+01 4.372116239670395288e+01 3.772655430860337447e+02 1.893859570208269361e+01
1.786029081946673216e+02 -1.099088808396418848e+01 -1.094251321574369911e+02 3.620012208886793559e+01 3.544479475183909472e+02 2.830792157581086599e+01
1.755127839689399707e+02 -4.069158962098766210e+02 9.386672790804666988e+01 1.002165516706639004e+01 4.653078120986149884e+02 2.243328002635564644e+01
1.758563621685028977e+02 -1.263414584103585270e+01 -7.205122599631276614e+01 3.470929447271092272e+01 3.704783934320596472e+02 2.498599652921376446e+01
1.546924747229695640e+02 -4.126274293305056631e+02 1.788330658053397926e+01 1.066173068127663370e+01 4.345780568551522833e+02 2.339668339387785068e+01
1.621407697762091686e+02 -1.453063698381133690e+02 7.221902404756681904e+01 1.777928520204833163e+01 2.788122307216812601e+02 2.324600382301753143e+01
1.445069330438409452e+02 8.016511890293863019e+01 1.778986972945452862e+02 4.357703243398594850e+01 2.969284593972089965e+02 1.952608810274975326e+01
1.535726910396757603e+02 -1.577431647120372986e+02 8.166221036713649539e+01 1.745056742604815625e+01 2.539382602129895474e+02 2.458058120962751048e+01
1.225102108006154822e+02 2.472766824530509666e+02 2.336849638261922735e+01 6.202257320293972498e+01 3.434723969986525844e+02 2.165204280556795879e+01
1.351368738111758887e+02 2.081848179837222403e+02 1.302323866897293385e+02 5.339962795886132341e+01 3.451939273799584385e+02 1.960972681532032880e+01
1.270227663464941656e+02 -1.173079287628859788e+02 7.742038334607273953e+01 2.217126597165954394e+01 3.429525440932024480e+02 2.446877126912036715e+01
1.236628210429398962e+02 -1.218412409004573220e+02 5.986541762536666766e+01 2.135249982138374847e+01 3.467318127890776509e+02 2.460981654895746829e+01
1.207125420908186157e+02 1.909398192969414367e+02 1.393340905895779258e+02 5.211774424342407031e+01 3.102403705193764836e+02 1.867353406008464844e+01
1.067979737058557390e+02 -4.478138851600876933e+02 7.686409184726758781e+01 1.161736510534981903e+01 4.563124231269624147e+02 2.857220890258250279e+01
1.228472154909197513e+02 -1.375367963630167196e+02 1.194641742729138798e+02 2.245360980897094194e+01 3.617174691661988390e+02 2.795489494093331473e+01
1.191641532989338970e+02 -1.434046741400414646e+02 1.121651197570431009e+02 2.287417554088452576e+01 3.668380569134014877e+02 2.795618739179934664e+01
1.221828491690091596e+02 -1.226769441199371187e+02 5.775651502916857538e+01 2.180218055175965475e+01 3.878726595159808426e+02 2.662783890954270305e+01
1.165779893919008856e+02 -9.213808302308491704e+01 1.709536578450993716e+02 1.874544597211002994e+01 3.162019765909125226e+02 1.519996921776694876e+01
8.550749495918850585e+01 1.832805846335922979e+02 -5.379414803359452435e+01 4.206001887952248808e+01 3.560131001803163713e+02 1.636406722377637379e+01
1.179211068966608025e+02 -1.231518834669906681e+02 1.070235851992025573e+02 2.071338036501491686e+01 4.290558355272655717e+02 2.171613507156558853e+01
1.009678117125284871e+02 -1.627809559332092260e+00 2.111503489804487685e+02 3.416300724997832106e+01 3.155481896636391639e+02 1.541787957808199394e+01
6.016572255496711819e+01 -4.286252834434856140e+02 1.250870264811453012e+02 9.104433694651401510e+00 4.775424038763468957e+02 3.173656135153325408e+01
7.670662228181892317e+01 2.024877933138356809e+02 -1.365552536423850256e+02 4.442834793738703780e+01 3.974665111679221923e+02 1.831619010756790544e+01
9.467229488187477671e+01 3.460199136666741992e+01 1.382272357973139094e+02 3.316435145740098278e+01 3.133884929285055705e+02 1.835652474227458697e+01
9.569932907584235693e+01 2.570796739047208916e+02 1.787829164873071974e+01 6.353208087079105582e+01 3.315278872131272578e+02 2.159272827890725921e+01
9.382593095693488294e+01 -4.829080890299000828e+01 1.225113861085545324e+02 3.340652305273835054e+01 2.976819779563418820e+02 1.615019260436093873e+01
7.003664171476245315e+01 8.635510013667116880e+01 1.375411220183365799e+02 3.102958577184513800e+01 3.003402195843906384e+02 1.824638286811392618e+01
9.674504380997487374e+01 -1.734616975790865467e+01 2.968990817985036870e+02 3.713533039558518567e+01 3.051791932619260024e+02 2.040428151216667629e+01
7.949298402298047961e+01 -1.528690427371552687e+02 9.645807836160606996e+00 3.443922625069978949e+01 4.296482136585697162e+02 2.206228339818261475e+01
8.721350401152091081e+01 -6.817254200629508887e+01 9.891487096374916632e+01 3.200346695020552801e+01 3.011936088299351582e+02 1.556016955844108907e+01
4.377838524458086056e+01 1.606709924152900442e+02 -1.672868372643155510e+02 2.717788796762570058e+01 3.140029299226362127e+02 1.952922642122874208e+01
6.109005143021136774e+01 2.872616761290564682e+02 -1.473818483387618699e+02 7.489470569651810195e+01 3.630918444415958106e+02 2.780694377343681367e+01
6.824335287391613747e+01 8.482773142274871248e+01 1.439892731895864415e+02 3.122167286984363699e+01 2.820297635002377206e+02 1.827151715135670429e+01
4.467723914063101631e+01 1.813202420167872617e+02 -1.694234741619376337e+02 2.774403283147323407e+01 3.469922333424769931e+02 1.824219946562547534e+01
8.922243911052468945e+01 -5.003806312427016678e+01 1.049216134775510909e+02 3.724338761744771631e+01 3.230767865384327138e+02 2.174413965468232846e+01
8.408815465282654600e+01 -3.552042992965117918e+01 3.124387573702805412e+02 4.466660059152054885e+01 4.294723041128495993e+02 2.608585690455038275e+01
3.616180880647543461e+01 1.669808387051953957e+02 -1.633224422689669950e+02 2.827325885492398427e+01 3.424396698690150060e+02 2.139561583463509464e+01
8.109544431845651502e+01 -5.788991688467450558e+01 7.711087898586394829e+01 4.278931992450618793e+01 3.211417288363503530e+02 2.405503266833866860e+01
5.246504914217903348e+01 -1.581669927950811143e+02 1.147923470112833826e+02 2.598833889267842068e+01 4.547404177110277601e+02 1.875682135449778798e+01
4.963769204737830165e+01 8.596026045429240980e+01 9.880510137929474013e+01 4.522025074243474307e+01 3.486988492954916410e+02 2.356538657162707295e+01
6.933457727788456282e+01 -6.106581189432497325e+01 3.893812465763684116e+01 5.412562140486830486e+01 3.926440468159424313e+02 2.769585952774443172e+01
2.859491385519890372e+01 2.254036209135408910e+02 -1.988737192522368105e+02 4.460260346674054688e+01 3.563366771748313795e+02 2.422112970330343273e+01
4.256945016442725915e+01 2.970639438135855812e+02 -1.623379274551828644e+02 7.623606588152051700e+01 3.613505880720273922e+02 2.780335445106760517e+01
3.432655836607919042e+01 9.628500962972448463e+01 4.578438921422861085e+01 4.801444187061713365e+01 3.981126065574914605e+02 3.011380275605105794e+01
1.700616760673739947e+01 1.827459488401941883e+02 -1.213322886525761675e+02 2.121580111895683629e+01 3.060312851654222754e+02 1.565365478643070674e+01
2.575479073895120052e+01 -1.978609254836031539e+02 1.365108682024091706e+02 3.036317534419969633e+01 4.895209163049112817e+02 2.085709939033930027e+01
2.667585521665899861e+01 1.041971340037496248e+02 2.142884438644818701e+01 3.703770234413497064e+01 3.644611227552261425e+02 2.406172368171723974e+01
2.960281707675721918e+01 -1.807973863542522395e+02 8.703017721385802474e+01 2.606577841817577124e+01 4.496195363860427960e+02 1.881482005701545290e+01
1.666582343249013221e+01 1.678975745465100431e+02 -1.178391938858173233e+02 2.219006014967003537e+01 3.067108532478105758e+02 1.932022850732622032e+01
2.070957588654659531e+01 1.008489038929645289e+02 5.292255160860416652e+01 3.521392602165074237e+01 3.660250128065020476e+02 2.414849831288759674e+01
2.078674246977674755e+01 -1.979732550724953057e+02 1.427534491283621207e+02 2.829203890908394570e+01 4.500962647034520501e+02 1.790465498564944369e+01
3.690919873249725214e+01 -9.568127444694636097e+01 1.522024129799148682e+02 4.231936613639778955e+01 3.222059744945769921e+02 2.196800137461190161e+01
8.732822751575831433e+00 2.480909650221504705e+02 -1.288769345582288395e+02 5.614355610632271976e+01 3.643438485826266628e+02 2.551661053909083421e+01
2.905637915197099730e+01 -9.475940603131375894e+01 -6.380358969508242772e+00 5.478238770050458584e+01 3.098724374641926715e+02 2.982336153371832665e+01
1.576635603365238048e+01 1.357784942683350380e+02 -7.535904789123354419e+01 2.475647860355195107e+01 3.734974263632883549e+02 2.055082100741279305e+01
8.695407879919949679e+00 1.979996143042338872e+02 -1.202534702552268584e+02 2.469800490044509900e+01 2.844589777103194024e+02 1.993608047137766448e+01
1.032531304029759767e+01 -1.965506875207633186e+02 1.496820043957633004e+02 3.197993716916390738e+01 4.482545036025851459e+02 2.017295286501544638e+01
1.193096741644580483e+01 9.371530161699361372e+01 -2.214870628421591192e+01 5.057901735256736941e+01 3.914638265536165704e+02 3.006103806357344865e+01
6.625713427960570279e+00 -1.942416971872457054e+02 1.662834503532436088e+02 3.006990992775484628e+01 4.497327984481452177e+02 1.911062838303635658e+01
-2.547091563273659176e+01 -4.204452993723729151e+02 4.175887840753710378e+01 7.804548498402677836e+00 3.371408125694662772e+02 2.914497627312451300e+01
-8.195284484649207002e+00 -1.014466119300703042e+02 1.558625628164422778e+02 6.630274603248786036e+01 2.634438270295965481e+02 3.412525069068340144e+01
-2.704739409651963200e+01 9.583088030229181697e+01 -2.881000662716565586e+01 5.886836943627977803e+01 3.739601583056676759e+02 3.541927308318327050e+01
-1.017328801658280391e+01 1.693675369494719689e+02 -1.113351722963346369e+01 2.132707340474272684e+01 2.616451556975592325e+02 1.670037799199792516e+01
-3.544764360117401480e+01 -3.819358766492679251e+02 7.412820726340734723e+01 1.034715558006378977e+01 4.357574411298101609e+02 2.340116229937353864e+01
-3.408107681022388391e+01 2.621324212297861322e+02 -1.027368985213532966e+02 5.669736763823183168e+01 3.381706078298349212e+02 2.758854411780905025e+01
-2.281940233987655731e+01 2.125997397454608517e+02 -9.805487255990247775e+01 3.605269682950920185e+01 2.947576758966592365e+02 2.170792047763345067e+01
-2.789255922085816408e+01 2.236628013289866033e+02 -6.634184681897157532e+01 3.992779165860299173e+01 3.275456113276439396e+02 2.447239845835480310e+01
-3.352859951137330086e+01 1.112488069909599346e+02 -1.192368808165269201e+02 4.117509165231660262e+01 3.127046969586481850e+02 2.482157348517938544e+01
-3.106975736075520800e+01 -4.027444297752148827e+02 6.839161575993507824e+01 8.901168210255516300e+00 4.657705953578434901e+02 2.712361923547945253e+01
-3.128125339018728823e+01 2.294698013097269325e+02 -6.665401616785803185e+01 3.873409299938971628e+01 3.605590242942200803e+02 2.516828535872841144e+01
-4.149599446314057616e+01 -4.357381268046301557e+02 1.146885569589998539e+02 6.518136367157972622e+00 3.515763075066350325e+02 2.501786427154152648e+01
-5.382157310173032272e+01 3.232264536014743612e+02 -1.060737266332981648e+02 7.660011901711135351e+01 3.731636738751509483e+02 3.155041079301571472e+01
-1.207884744626401030e+01 -1.977699032232645777e+02 2.138924194674709724e+02 3.494135396483184053e+01 4.452573272838977232e+02 2.094546650121722564e+01
-3.733435019085431605e+01 -1.293867035350397146e+02 2.582869235750528603e+01 3.490020105769003322e+01 3.223045764490476586e+02 2.010304962791019534e+01
-3.350196862300715139e+01 1.134377067711278073e+02 -1.166269385485973658e+02 3.962261725687022107e+01 3.001377183894086897e+02 2.223888874484711664e+01
-3.438604428165682947e+01 -1.741010761501906359e+02 1.199773948050270320e+02 3.559915663546430409e+01 4.477221348113134809e+02 1.908413603536615710e+01
-4.178794786857451982e+01 -4.096468009429108861e+02 1.084167396710579538e+02 8.265555553569683411e+00 3.862600678299531296e+02 3.033899497940959122e+01
-5.395471810060024609e+01 -1.193983583990144126e+02 7.558804041103518045e+01 3.295040590683652226e+01 3.188721491444493950e+02 1.764317851802300652e+01
-6.422364512165802353e+01 1.099304371345390194e+02 7.011870282625447715e+01 4.261633552817211523e+01 3.285541774197978384e+02 2.398798206798065280e+01
-6.181056237135842935e+01 -1.124553846527135192e+02 7.935513758554404262e+01 3.624645363818494559e+01 3.326346343963598997e+02 1.920839530550509267e+01
-5.594015755701118309e+01 1.223697340888035683e+02 2.479283274964078743e+01 4.002192430476996066e+01 3.158348104626847430e+02 1.939111648997820225e+01
-9.247955480080216262e+01 5.124507579761090170e+01 9.601285292103635527e+01 4.223642250293399769e+01 2.329163959449828099e+02 3.367886232575742156e+01
-4.811788778278623369e+01 -1.993951944191622090e+02 1.491603558569955510e+02 4.700618986669666555e+01 4.420245326902116858e+02 2.357907651068700261e+01
-5.725424183742976680e+01 -1.594787625879091024e+02 1.449217375954805505e+02 3.738451276623075614e+01 4.548622758594077595e+02 1.887728026788838065e+01
-5.391974409174709137e+01 -1.493258166206937858e+02 1.435549622640982363e+02 3.701945294647199347e+01 4.579586744456315728e+02 1.815913104952744561e+01
-7.953353132744332754e+01 9.404641806604810483e+01 8.680503028382000252e+01 5.309861978591297316e+01 2.609169360160432234e+02 3.564928316572704148e+01
-8.756663134310379348e+01 8.148453380202127505e+01 3.946444707223144377e+01 4.662817684244163985e+01 2.753058798863547167e+02 3.426356595430763718e+01
-4.448368538936585281e+01 -4.348510862509244816e+02 1.126983619195966071e+02 6.647817330412999937e+00 3.284759504134206622e+02 2.386489558477973105e+01
-1.054048007693488955e+02 3.444741935807841315e+01 -1.382155005880719933e+01 3.741391472748306768e+01 3.117125719312584806e+02 2.885803907441740535e+01
-9.390950695799411108e+01 5.704457662857032574e+01 9.827551299660814266e+01 4.444627082217392200e+01 2.858157229754864375e+02 3.440996580269026595e+01
-6.994635715108256591e+01 -1.885115951086709458e+02 1.629131475630977377e+02 4.719282126891344831e+01 4.474567325451702118e+02 2.445847866485311783e+01
-7.196425405794435903e+01 -1.768619198458473818e+02 1.166603944969468927e+02 4.452238173918055963e+01 4.825582736830858721e+02 2.230435443778583249e+01
-1.061434931610467913e+02 3.236530579124552531e+01 -1.213495481469709958e+01 3.593492595846217341e+01 2.994465060741233629e+02 2.642433245589930380e+01
-9.797798321826000745e+01 4.619653369045499858e+01 -6.978370612995913547e+00 3.438071955437307281e+01 2.977442862591992707e+02 2.968207832707722105e+01
-9.799715850450832022e+01 6.899444730969239004e+01 1.065955059510295655e+02 4.141590653456689353e+01 2.671457654539933060e+02 2.969490918249172751e+01
-1.035117727686918130e+02 1.693277361506439718e+02 5.889851976302855974e+01 3.766218496006384697e+01 2.209430695903358810e+02 1.772771442260244612e+01
-1.014234431506654062e+02 1.904548796391192411e+02 4.977403879328245750e+01 4.004675966637578455e+01 2.518213454018543018e+02 2.187717355173329281e+01
-1.099042229573817337e+02 1.501386454828946171e+02 1.258090148083917938e+02 4.005115985084329822e+01 2.338773182675053590e+02 2.282640266639822357e+01
-1.131450663257404159e+02 1.229621570603542580e+01 9.071869261288478015e+01 3.601185569123472874e+01 3.214996539655991796e+02 2.269770638846165411e+01
-1.127036737111675109e+02 -5.305501463883749658e+00 1.258178989332557052e+02 3.859454294765674121e+01 3.102738467869955912e+02 2.751444533939724124e+01
-1.062118763840487787e+02 1.625299806445098625e+02 5.491426371584044119e+01 3.638018114704559736e+01 2.153524727046336977e+02 1.584700032807457148e+01
-1.011417651536470004e+02 -5.464581361656591696e+01 1.895733803777456785e+02 3.435569293302182814e+01 2.496504105744671449e+02 2.174141778909988432e+01
-1.082024005958774922e+02 4.173701392366306351e+01 -5.326917447310484022e+01 3.763718602892218712e+01 2.620965232505001836e+02 2.292572156671647576e+01
-1.113797310678391170e+02 -4.321568091208017393e+01 1.632289357905577845e+02 3.587941813553737802e+01 3.108398944794570866e+02 2.315295628989431975e+01
-1.130678171995852352e+02 1.479889621377685955e+02 1.305918612838171953e+02 3.816517988878235457e+01 2.512753668786497201e+02 2.094779503654598329e+01
-1.101624674302971556e+02 6.473289186781342153e+01 4.815549125984068723e+01 3.778315146464187535e+01 2.746260138806955524e+02 1.959664859429418016e+01
-1.251814879892276196e+02 1.912906521462021487e+02 6.648589647460637764e+01 4.096943734964487760e+01 2.678092418121525498e+02 1.774384388997762585e+01
-1.196366116305289040e+02 1.211297042063331553e+01 5.916719775628711631e+01 3.684985288051591823e+01 3.497785406510811299e+02 2.303476813366228271e+01
-1.634554034497782027e+02 -2.337934652561417010e+02 -1.447667720851403601e+02 1.261770302241385089e+01 3.632197544187265521e+02 3.090526783917204057e+01
-1.323417223620051857e+02 2.171614057121904864e+02 -4.413854427000384817e+01 4.631860500050014195e+01 2.772405589014709903e+02 1.872022709478190450e+01
-1.400816303759177970e+02 -2.926939632028610845e+02 -8.600435006901270185e+01 8.856631222028406469e+00 3.566863152687526508e+02 3.350927331698187572e+01
-1.162140534848733751e+02 -3.546650920970406560e+02 3.299875441644810081e+01 5.765884957176701242e+00 3.746317391786232633e+02 2.578814697302348691e+01
-1.347823737854191393e+02 1.407350605551457363e+02 1.683217613638637715e+02 4.208947268988736568e+01 2.721169739284927118e+02 1.950674051284764232e+01
-1.656243047023991721e+02 -2.308128729165162554e+02 -1.609751411168124093e+02 1.268400123133957358e+01 3.679841844427556339e+02 3.055932789743658873e+01
-9.799865144468542155e+01 -8.641631663221774318e+01 1.199686657443096323e+02 4.135047519100426427e+01 3.224844337328547681e+02 2.679059110867038385e+01
-1.557333488549269873e+02 1.498279304614241525e+01 -1.452690574765539964e+02 2.648377650214071721e+01 3.019668028111699414e+02 2.100115277007350301e+01
-1.481692910845091262e+02 2.314432957948944534e+02 -5.486131068649302023e+01 6.113681703634689057e+01 2.989265587063150065e+02 2.766605192768938082e+01
-9.660736143620530925e+01 -9.516069679222640332e+01 6.325546792902111548e+01 4.667929860110231033e+01 3.159079731504097595e+02 2.962586308887816244e+01
-1.404859212820358323e+02 -2.662309480104034165e+01 -3.692049763966497977e+01 2.608664924565844245e+01 3.062992450202905843e+02 2.364032877385727716e+01
-1.713356672803642766e+02 -2.367007816538043414e+02 -1.699529103542782025e+02 1.338520437683401809e+01 3.876080623516491528e+02 3.611015254279683973e+01
-1.595912966031842757e+02 1.318350440357445130e+01 -1.344729961781191889e+02 2.568181706474933534e+01 3.648829401328595736e+02 1.798365778684114957e+01
-1.294417735623006536e+02 -3.200774903853001661e+02 1.204211379807471261e+01 7.045323072209630055e+00 3.910417496892115423e+02 2.701205951568167052e+01
-1.715823276147455374e+02 -2.364892721211520836e+02 -1.701111158444855107e+02 1.339949230496905841e+01 3.873777581379705452e+02 3.609712327885139871e+01
-1.755793304955708152e+02 2.966269139530111332e+01 -1.084777998626066591e+02 2.917214031925287543e+01 3.651722709900082577e+02 1.709420905598068430e+01
-1.657399842835644677e+02 1.620936675797166231e+02 1.047522350346753086e+02 4.888434924855379649e+01 3.170173930559646465e+02 2.149180867964201980e+01
-1.871686072462336483e+02 -2.399891873194021343e+02 -1.550400528856724236e+02 1.271054959792646066e+01 4.259141345388762829e+02 3.656873800929452045e+01
-1.662343812011478406e+02 1.089618141897910952e+01 -1.120056127184898287e+02 2.920908977293076703e+01 3.791588420438062030e+02 2.308486253318753256e+01
-1.868713641674808343e+02 -2.388006974423054203e+02 -1.559317687570070063e+02 1.273999314726051324e+01 4.408933431114604673e+02 3.664100196246857877e+01
-1.906354940906881552e+02 2.217692332185124258e+02 7.340758113463640200e+01 9.995379946240264246e+01 4.085926333158736838e+02 2.928318131866211615e+01
-1.432948092440696257e+02 -3.111088182778593136e+02 2.605256990576305109e-01 7.036036607602656368e+00 3.927522628833601175e+02 2.686829038112833246e+01
-1.807690984127495710e+02 -2.671779884818095070e+02 -1.662388903271213678e+02 1.083432664467276751e+01 4.239755417473984380e+02 3.512599341311667445e+01
-1.884800231559158874e+02 1.908602115598026217e+02 4.500929450364475315e+01 7.782741217138611489e+01 3.461675894707648808e+02 2.561682648911198612e+01
-2.542262089169998376e+02 -1.685637113816102328e+01 -1.108150065254538106e+02 1.130223652523090649e+01 3.338055534289386515e+02 2.538437834275231353e+01
-2.049537258481622075e+02 2.173055405490349017e+02 2.586310541200426982e+01 1.127015082770245300e+02 4.168516852550796443e+02 3.074320193090630937e+01
-1.934702603276345201e+02 2.057859102049141882e+02 6.473683519587845581e+01 9.223515792025891358e+01 3.665349096607306478e+02 2.732436599845982528e+01
-1.871237578607035914e+02 2.461879098038066331e+02 -4.494490839190115850e+01 1.014646817190536581e+02 3.644469920303911863e+02 3.268420946555258411e+01
-1.882623268739097284e+02 2.577477722889367442e+02 -9.107447387145641926e+01 1.039423388009522569e+02 3.554621323010370588e+02 3.283302593310335737e+01
-2.595504898722962821e+02 -1.320457472517653130e+01 -9.618573442742481916e+01 1.138905490359408113e+01 3.054736445260048754e+02 2.525816362143197580e+01
-2.086502769741574070e+02 2.161452245030825736e+02 2.069889238794947062e+01 1.115850518982307591e+02 3.824222110442854614e+02 2.898749233896990063e+01
-2.236890260841634017e+02 1.515626994161254117e+02 1.299862296508414374e+02 1.084689106127602400e+02 3.725103052265803285e+02 2.863490503247439278e+01
-2.500958346781803243e+02 -1.393519661119627813e+02 -1.118662055396926434e+02 6.370145774381779091e+00 3.918190239128263670e+02 3.366064480399850822e+01
-2.791821958715434562e+02 -3.622658021314641985e+01 -7.922837383245838794e+01 9.576757254712013889e+00 2.887304062616197484e+02 2.563128764179401742e+01
-2.127563929819431792e+02 2.161932716399269623e+02 2.203871616575058034e+00 1.114335851507596260e+02 4.084260765426223543e+02 2.904671366845232683e+01
-2.794775775321784295e+02 -3.595980237828659654e+01 -7.838350445218631535e+01 9.560300370969828876e+00 2.930994711697720163e+02 2.568959463617585470e+01
-2.168046224702515019e+02 2.240045124116420823e+02 -1.259952981725387104e+02 1.267238278774939459e+02 3.416014344232178814e+02 3.342484895237555520e+01
-2.796685855243305809e+02 -1.675012410982829181e+01 -5.258435760682515792e+01 1.396949712531544918e+01 3.205918745071371632e+02 2.801942324578101307e+01
-1.893557045034765451e+02 -2.862880851110895719e+02 -7.192239970339132071e+01 9.629701465387919157e+00 4.498831264895361528e+02 3.499198114687055750e+01
-2.327203223261950313e+02 2.120940535528884539e+02 2.469656512335312470e+01 1.453510997542416874e+02 4.091302084911355337e+02 3.068112845540451872e+01
-2.797268319654936590e+02 -1.724424675644458560e+01 -5.144722791923209115e+01 1.398684341108370077e+01 2.976181236080894337e+02 2.734945345990723808e+01
-2.802224325022718858e+02 -1.572942457650245984e+01 -5.406851888643205939e+01 1.392746416892614114e+01 3.613895958657359984e+02 2.462979113283546440e+01
-2.986732987054476780e+02 -4.454922989027578240e+01 -3.156173587780040535e+01 1.138598539213783667e+01 2.632613910166091955e+02 3.308307137230559647e+01
-2.538375722967004720e+02 7.703485692417756070e+01 1.747295106048676985e+02 1.216493173204279259e+02 3.834574943849709143e+02 2.877551013602962371e+01
-2.992195857662825347e+02 -4.394662803800856921e+01 -3.209105902800533272e+01 1.137957901380925563e+01 2.598286165917834296e+02 3.090553461847005678e+01
-2.937453152294514780e+02 9.250776033894101147e+01 5.628101190847687718e+01 1.854547033724597895e+02 4.262333985036837021e+02 3.267946121450881947e+01
-2.992195857662825347e+02 -4.394662803800856210e+01 -3.209105902800533272e+01 1.137957901380925563e+01 2.598286165917834296e+02 3.090553461847005678e+01
-3.974387489150659576e+02 1.656397016713244454e+02 1.545920926644723465e+02 1.767357676355534863e+02 4.533591594971915697e+02 3.363567503874853060e+01
-2.883333972088991572e+02 -2.321944869543950674e+01 -8.799644004475277370e+01 1.523889244456273850e+01 4.114000972289626930e+02 3.350651875982796923e+01
-4.425896457248815636e+02 1.386330131267390868e+02 4.404548104857142903e+02 9.368145586463627694e+01 4.900741244954684817e+02 3.042531608186635594e+01
-4.444884718854007701e+02 1.246659003095909952e+02 4.596931886328360406e+02 9.273764492245234692e+01 4.835801794945693928e+02 3.164409337545509970e+01
-4.425896457248816773e+02 1.386330131267391153e+02 4.404548104857142903e+02 9.368145586463627694e+01 4.900741244954685385e+02 3.042531608186632752e+01
-4.427354931720260538e+02 1.294480699013905109e+02 4.551280924539211696e+02 9.185259112299793571e+01 4.712234607911622106e+02 3.032430514680265787e+01
-2.594406399766558593e+02 -1.412392833605442206e+02 -1.025094497212949989e+02 6.281505838265753816e+00 4.033375261490058961e+02 3.481823973960518970e+01
6.404614187274063397e+01 -5.652363577975690134e+01 1.709417085194286017e+02 9.330869391531166457e+01 3.791563002245907796e+02 3.618497104570064948e+01
4.089176376272521196e+01 -5.995382279791118663e+01 1.476244728416923522e+02 1.883702292273748355e+02 3.742553406432566021e+02 3.763028142869353587e+01
-8.772345147041647806e+01 2.942965349892599036e+01 1.734263788231718877e+02 1.013568021835887834e+02 2.206013315916293323e+02 4.192133491367542319e+01
6.979704870088755797e+01 -5.027639221555777738e+01 1.482723056475347221e+02 7.212709083018357603e+01 3.756899519550662490e+02 3.392963370536094203e+01
-9.792557406484495175e+01 3.591653982369938092e+01 -3.481037720444363970e+01 5.285232975707574354e+01 2.765536973175372282e+02 3.508848813033694114e+01
-9.873596234139951378e+01 2.548010088990289290e+01 2.281159669198797246e+01 6.677840910609270964e+01 2.542730618842664683e+02 3.576731339556188516e+01
5.248433396914810345e+01 8.146503126444375198e+01 1.454713995542516329e+02 5.266757886783261711e+01 3.743811560428756593e+02 2.883848686335954881e+01
9.765850214004093033e+00 -5.538851044357754461e+01 1.475069292375624173e+02 3.182680612787062842e+02 3.837263966682511409e+02 3.893744616237492551e+01
1.233371693476998487e+01 -2.597907231175575049e+01 7.782879207602215388e+01 4.837212109673907889e+02 3.853247331796908952e+02 3.986139563672787745e+01
6.696892435043153569e+01 -3.775320306185041375e+01 1.109948509489291126e+02 1.204695227913633175e+02 3.600773909869932368e+02 3.540800760265196345e+01
-1.163908546623548013e+01 8.776196085476904329e+01 -1.019970465645503168e+02 9.342992562015744795e+01 4.316061022506516451e+02 3.259160838852122311e+01
4.339161692911759616e+01 6.616610142010472373e+01 7.015730261182056893e+01 1.193708799809901961e+02 3.612763623598975755e+02 3.630950260579709266e+01
7.227321523240586032e+01 2.485598254908312299e+01 2.765595999166340562e+02 1.181191098848026115e+02 3.887643116336683420e+02 3.217006084634482477e+01
5.506436360092315851e+00 -9.628952221660927080e+01 9.916992057163584207e+01 9.252291833940516597e+01 3.728810668296259792e+02 3.474972829442231159e+01
3.053132126407413125e+02 -4.621005015013636239e+02 -6.674589936733327988e+01 9.027946597356457659e+00 5.075143815696260958e+02 1.942491308548076745e+01
-4.410270172818791821e+02 1.305104216185824662e+01 1.538875033923652609e+02 4.139333320777440406e+01 4.631061001541655173e+02 2.735105741254361078e+01
-4.953912922702216974e+02 8.831718571285770736e+01 1.991616535169387419e+02 6.122755106912654099e+01 4.676401260584895567e+02 2.891840484327670424e+01
-5.057366154002364169e+02 4.082977009653471328e+02 2.018938458737745236e+02 4.254941786305849405e+01 3.829747250145888984e+02 2.982358813681625520e+01
-4.458187191546784902e+02 2.724780336501136730e+02 1.604474376084120024e+02 6.685951315871045608e+01 3.907027514620290276e+02 3.343216142802148738e+01
-8.525175974751357444e+01 6.713819266850990175e+01 2.245183608976103073e+01 4.637059817860274791e+01 3.414870824789716721e+02 2.768045397026693877e+01
-1.041229810632761570e+02 8.262401319720355630e+00 8.475358159624505561e+01 4.346941089384991130e+01 2.746573319611184161e+02 3.004866783438720290e+01
-2.211177039722622339e+01 -4.650671253136836754e+02 1.758821073523132270e+02 5.423171696175018042e+00 3.491216800773048021e+02 2.124354416915841171e+01
5.911131437670116284e+00 9.031196989542235087e+01 2.407989070271158383e+01 6.321319663469655836e+01 3.402448934223701258e+02 2.841493012249830485e+01
4.223443640501660639e+02 -4.173406191778059906e+02 -7.157812485683665216e+01 6.969005178914200016e+00 3.743535895380195484e+02 1.036439713789351913e+01
4.814494036889992117e+02 -1.541994472910560035e+02 1.176925289706577615e+02 5.173186809457522628e+00 2.978069634847378779e+02 1.364388827634283530e+01
-1.608939506431293909e+00 -1.971931883528166338e+02 2.290616094524611412e+02 3.459056265437271094e+01 4.544118478869141882e+02 2.106919940763498289e+01
1.577857628074264369e+02 -1.582123822238316961e+02 6.438274044414674790e+01 1.794568416930476218e+01 3.028702692573174886e+02 2.307284513158029426e+01
-8.842753999318175318e+01 5.433658199067772898e+01 6.345928453212904685e+01 5.303844815810059998e+01 2.315628370442891253e+02 3.625019619992566788e+01
-1.014878783629080488e+02 2.696697035654127603e+02 -1.879789771987144036e+02 8.280662582676802685e+01 3.756887142302787197e+02 3.142630325692229576e+01
-1.638959635285692400e+02 2.633750478607702803e+02 -9.013421755845908478e+01 8.439403363836721894e+01 3.887349321838725587e+02 3.062488238907317850e+01
-1.791776626298089923e+02 2.298188782588697876e+01 -1.286982681063572898e+02 3.217235415302467061e+01 3.937184146061750880e+02 2.339272231388540035e+01
1.733535198605579808e+01 9.469076420974211317e+01 6.328708999227369958e+01 4.875639647499281892e+01 3.501460945091348549e+02 3.040884215420746273e+01
1.026798225988451065e+02 6.117855754866229745e+01 1.847973437109853307e+02 3.304137715966844979e+01 3.437924192008892987e+02 1.751155819169210304e+01
6.096167857794841893e+01 -1.668203013088510431e+02 1.113917864816940408e+02 2.656860911488945476e+01 4.592458246952278955e+02 2.022109398433713068e+01
-1.034886768498326575e+02 2.353925161943770306e+01 6.928136440314648326e+01 3.893206837206061977e+01 2.823461129535874647e+02 2.889078998976128787e+01
-1.831649562358444143e+02 3.228417472012069567e+01 -1.122056718922489580e+02 3.193162969612866320e+01 3.458980015842820990e+02 2.198150605581233208e+01
-8.102103617615971132e+01 1.190636655510143811e+02 1.301895259341946200e+02 5.393794396125500867e+01 2.508875993348415818e+02 3.076986810848157461e+01
-2.076616241096170512e+01 -9.248230796139887389e+01 1.649708786520798469e+02 8.328501459509837446e+01 3.778874534831766141e+02 3.335271244491778475e+01
-1.180866645100050327e+01 -1.123100956180439454e+02 6.435141057332721459e+00 4.522544186351107953e+01 3.334444331519121647e+02 2.271141956081871172e+01
6.226095557353354479e+02 1.111953179580664539e+02 5.143780192967678886e+02 2.466981532314755032e+00 3.298434287658312769e+02 3.940551976386785782e+00
9.675276453087349182e+02 -9.177951207945950429e+00 9.070994192231252384e+01 5.517036792696944580e+00 2.490072840300058488e+02 4.487760314764784653e+00
6.763144918579929481e+02 8.276532707296098579e+01 5.425183905128303650e+02 2.482980707227694150e+00 2.936577770126307882e+02 4.230958905232057532e+00
6.450504017426804921e+02 8.212602831200366893e+01 5.276388832373818332e+02 2.437259966363555908e+00 2.883442864008232505e+02 4.013348667044823515e+00
6.402035960474584044e+02 7.585597465653270888e+01 5.180225580448902747e+02 2.361662795810453908e+00 2.826098857081967139e+02 3.810821279230736991e+00
8.062284153940527176e+02 -1.105711416090512778e+01 1.350849132438505080e+02 6.180097917725162482e+00 2.355511833975792229e+02 4.776221323295047227e+00
7.857252428252572827e+02 2.102140682239029612e+00 1.237898279949067444e+02 6.230928855526312482e+00 2.537120956911593339e+02 4.599674262664819935e+00
6.312331676887274625e+02 6.523966366972108233e+01 5.210638864923016627e+02 2.366807566888154302e+00 2.807499376669565549e+02 3.793170850711305775e+00
6.332991071534728462e+02 2.077232229645855099e+01 5.097648620266836019e+02 2.326777521325693598e+00 2.777002835792574729e+02 3.868591651360020478e+00
7.895263978147216903e+02 -1.207781466423160452e+02 5.681387447656312872e+01 4.915081921332148163e+00 2.769420291324522054e+02 4.639596064153067800e+00
9.563751949098227669e+02 -1.575319206920787565e+02 2.576362042768534533e+00 4.249501703397172037e+00 2.569270324430654568e+02 4.023490216834659350e+00
6.475490392855595019e+02 -1.059220539141784911e+02 5.966213436168610684e+01 4.287571151407277625e+00 2.266372156112053915e+02 4.420858283725223714e+00
7.727762083210996025e+02 -1.557334962277767261e+02 2.819113527844587708e+01 4.818147102916346292e+00 2.472806300541957114e+02 4.209440545605517059e+00
7.210268182389139611e+02 -1.310465965903073027e+02 2.664878412052084045e+01 4.688827735211280157e+00 2.132645071267134256e+02 4.309048484167504967e+00
7.547432922095125605e+02 -1.514803659038775834e+02 5.275725803637534739e+01 4.972152318294621232e+00 2.347171222983104144e+02 4.329387617351656559e+00
9.019067023313427853e+02 -1.719648269999077286e+02 1.352167595151568769e+01 3.814189948232881378e+00 2.666246237690735370e+02 4.070692886795853838e+00
7.691014041166547486e+02 -1.557739527123507628e+02 3.106876399937937450e+01 4.734887689403396216e+00 2.481288526149266715e+02 4.182432815869574938e+00
8.550472503723125328e+02 -1.719662805048208156e+02 5.640068059829223301e+01 4.052935325916682707e+00 2.481286511066386424e+02 4.290794621140406662e+00
8.156353268146467599e+02 -1.696348216508688722e+02 1.912677289267242742e+01 4.446932041763830945e+00 2.382832925322293818e+02 4.212001835593284227e+00
7.359411668755179790e+02 -1.513232322306395758e+02 1.555682798355166696e+01 5.279792131000909272e+00 2.129118303429849277e+02 4.291914942690809198e+00
9.190937113140392967e+02 -2.575049640798111454e+02 -8.914068327315128215e+01 2.729663411979587728e+00 2.582612049844111084e+02 3.638132061528892791e+00
8.650254865796192689e+02 -2.702927986593168157e+02 -9.771270085084502455e+01 3.062000766209814540e+00 2.320165726839356353e+02 3.838845455167827936e+00
9.349337588252606110e+02 -2.549433697425957348e+02 -9.747122734304502956e+01 2.712296808295558748e+00 2.634902085467313668e+02 3.655698900027630316e+00
5.669227286254824776e+02 1.397384785099683029e+02 5.568573496364170978e+02 2.404538238291855645e+00 4.018231078472217632e+02 8.098761312264485923e+00
5.411506505044904998e+02 9.462556044149827983e+01 6.147583558486343236e+02 2.536948013019700632e+00 3.962605550644676669e+02 1.745830055111454726e+01
5.469636760469708179e+02 7.392260302745980027e+01 5.332369869858572429e+02 2.213051174836786039e+00 4.040991555299268612e+02 1.224913898341094409e+01
5.755398835388054977e+02 9.075732806385470042e+01 4.974737847638266999e+02 2.143689283514452093e+00 3.698326107849333084e+02 3.823096627885206544e+00
5.505828116317294416e+02 6.937336358986162566e+01 5.497023986038209387e+02 2.262060254523678093e+00 4.005118568781703061e+02 1.318056533599539648e+01
5.515130273982206290e+02 6.645428536128027019e+01 5.413160442868398832e+02 2.222416970032518257e+00 3.878712769721418567e+02 9.718326611591720621e+00
5.621814933658226892e+02 3.867072187621826629e+01 5.012950858790369466e+02 1.991645498058234764e+00 3.579419086946930975e+02 3.546469478435085421e+00
5.790289837515490490e+02 1.237274796722886805e+01 4.491819834621619520e+02 1.992013695937280060e+00 2.746931196808540108e+02 3.205912567567310134e+00
5.078385651095136382e+02 -3.873163206411646797e+01 2.264933025897833545e+02 4.499612457778479957e+00 2.911964070863512575e+02 1.020428360000190082e+01
5.131552475292780855e+02 -6.372503376506136163e+01 2.092602575839599695e+02 3.762600162625158617e+00 2.818409303135369441e+02 5.938302031302413297e+00
5.656149833319078652e+02 -1.052422705400781950e+02 9.609019044880315619e+01 3.691441459944453385e+00 1.861552846416130933e+02 3.760250572419906234e+00
5.475710044532340817e+02 -1.055095355872384317e+02 7.431482559135005772e+01 3.753014948751622004e+00 2.022260801677172424e+02 4.215004021213417218e+00
4.856430884200188416e+02 -1.243587244079948988e+02 1.031161143161570379e+02 5.448620063841240757e+00 2.499053820949040698e+02 1.463549792281865791e+01
5.569377667556701681e+02 -1.212434161591700530e+02 6.527595272882777522e+01 3.753014948751622892e+00 1.919604386325474081e+02 4.258944686624886344e+00
5.472572399968594254e+02 -1.154215892500686493e+02 7.285704292530603254e+01 3.753014948751622004e+00 2.026912430274184374e+02 4.269706445825136143e+00
4.914496831354139772e+02 -1.276428306873784351e+02 7.998617043894445544e+01 5.040358061762430175e+00 2.699109621708610689e+02 1.198279464625210267e+01
4.886034484554965616e+02 -1.459823750720344151e+02 7.347539414147574632e+01 5.240224292693271835e+00 2.489681505735221663e+02 1.257124201249587259e+01
1.091858396736375880e+03 -1.534296556843314079e+02 -3.162273568002015267e+01 4.090261896611954384e+00 2.200143802118397787e+02 3.842722059175798677e+00
1.010911551287061684e+03 -1.482825615035655460e+02 2.038032083334676781e+00 4.229749178211254623e+00 2.582325695957038079e+02 3.908663520123411672e+00
1.272068954131338842e+03 -1.218136082303704342e+02 -1.913992578881006779e+01 3.917525513761981770e+00 2.916660547612628989e+02 3.488963213520491990e+00
1.177707988088990987e+03 -2.303147430197524272e+02 -1.014341840761746312e+02 2.767995642011399582e+00 3.455470445539941124e+02 4.010687637237083436e+00
9.825839220746759111e+02 -2.541280986749654858e+02 -9.012284340720326270e+01 2.854443833454419543e+00 2.675496215657947801e+02 3.696740819606901596e+00
1.577789377398371244e+03 -3.618638750107316326e+01 5.708076524483138314e+01 4.196731033703316349e+00 3.487094205782229324e+02 3.536309720331416884e+00
1.648727537247527152e+03 -5.829371908156810633e+01 2.713355609652129274e+01 3.784936533649438939e+00 3.538001519219572515e+02 3.506305578034584869e+00
1.568918514176135432e+03 -8.386436241103022837e+01 6.821626731051846093e+01 3.567042074911400018e+00 3.910193217732340827e+02 4.077293847403581140e+00
1.700655170185075121e+03 -5.997305200237102696e+01 5.364963132002976209e+01 3.893403508764631038e+00 3.521633001889889556e+02 3.541907658936054304e+00
1.777083548390360193e+03 -2.107169929415353593e+01 6.444626035770228611e+01 3.822223071654643256e+00 3.442690227133425651e+02 3.471758107149412353e+00
1.566900737906438735e+03 -9.133688027926342556e+01 6.220494977561649108e+01 3.592813323930382996e+00 3.852962496573254043e+02 3.916462203182931034e+00
1.803383079666428102e+03 -1.703580031298800179e+01 8.029445913019500836e+01 4.000966121012737631e+00 3.364925556383082608e+02 3.401419150540164082e+00
1.777083548390360193e+03 -2.107169929415352527e+01 6.444626035770228611e+01 3.822223071654643256e+00 3.442690227133425651e+02 3.471758107149412353e+00
1.807469050299286891e+03 -2.170927565516897317e+01 8.009171054891861274e+01 3.992474497566928182e+00 3.366323328202446987e+02 3.450652271484500488e+00
1.807469050299286891e+03 -2.170927565516897673e+01 8.009171054891859853e+01 3.992474497566928182e+00 3.366323328202446987e+02 3.450652271484500488e+00
1.807469050299286891e+03 -2.170927565516896962e+01 8.009171054891859853e+01 3.992474497566928182e+00 3.366323328202446987e+02 3.450652271484500488e+00
1.737827423211162568e+03 -7.131250736418303759e+00 5.607405001608113082e+01 3.918239828627883448e+00 3.398806371360392404e+02 3.401871910813326849e+00
1.657259655014685222e+03 -3.961737799255644887e+01 4.714961436522825977e+01 3.993076392530791274e+00 3.457178907722307031e+02 3.478096950428323453e+00
1.803383079666428102e+03 -1.703580031298800179e+01 8.029445913019497993e+01 4.000966121012737631e+00 3.364925556383082608e+02 3.401419150540164082e+00
1.803383079666428102e+03 -1.703580031298800179e+01 8.029445913019499415e+01 4.000966121012737631e+00 3.364925556383082608e+02 3.401419150540164082e+00
-6.098024207419492768e+02 8.070200020216248049e+02 -6.041029353746164077e+01 2.826194662971892146e+00 3.185646362985069118e+02 1.233530004596565277e+01
-9.539078459563519630e+01 7.375530088321057747e+02 -2.710802597047947984e+02 1.782950137764416354e+01 3.684050047162769488e+02 1.791682502051671122e+01
2.456851193312119790e+02 -1.443997298464998948e+03 -2.554386694531581270e+02 2.807793481747905329e+00 2.608154280329290486e+02 7.735924997425655647e+00
3.163986545800830186e+02 1.022325540544543287e+03 -3.087229993918908733e+00 3.225823771845498733e+00 2.736737976131438472e+02 9.716783764013797509e+00
5.591954848484573404e+02 6.149679461903232891e+01 5.260272774658880053e+02 2.125493645824716449e+00 3.946543931087046531e+02 7.838803309172817535e+00
9.181423070909313537e+02 -2.944015043456798821e+02 -8.098283260557697361e+01 3.105594685428542778e+00 3.152448691097129085e+02 5.293991489296615782e+00
9.825839220746756837e+02 -2.541280986749654573e+02 -9.012284340720324849e+01 2.854443833454419099e+00 2.675496215657947801e+02 3.696740819606901596e+00
7.989413291835048767e+02 -6.363137361926620770e+02 -1.235457308274446433e+02 4.673995731088931294e+00 3.057049680656171518e+02 7.592714944910909480e+00
-2.120102843476267083e+02 -2.511831210043950193e+02 -1.343122455809281348e+02 9.416988747307632579e+00 4.327531629000532121e+02 3.602117507724528878e+01
-8.897551881718966937e-01 -1.969411769999452417e+02 2.239432721117155154e+02 3.468043372331064234e+01 4.591181220557515985e+02 2.135082692993267983e+01
-2.211177039722622339e+01 -4.650671253136837322e+02 1.758821073523132270e+02 5.423171696175018042e+00 3.491216800773048590e+02 2.124354416915838328e+01
