8.971826270146536331e+00 -6.684485549109635549e-01 7.332099576706409216e+00 1.039024725764609869e+01 4.801819967470667194e+01 9.470474159339030251e+00
8.971826270146536331e+00 -6.684485549109635549e-01 7.332099576706409216e+00 1.039024725764609869e+01 4.801819967470667194e+01 9.470474159339030251e+00
7.903929043751128702e+00 -5.006016188262387701e-01 6.162961552469155002e+00 1.045994266877575107e+01 4.709084305892176303e+01 9.909949862888062455e+00
7.903929043751129591e+00 -5.006016188262389921e-01 6.162961552469153226e+00 1.045994266877575107e+01 4.709084305892176303e+01 9.909949862888062455e+00
1.836955105036339120e+01 6.181655965319705182e+00 7.969334467162985547e+00 1.101269608384636456e+01 4.626367365439109136e+01 8.413081543280547692e+00
8.971826270146536331e+00 -6.684485549109635549e-01 7.332099576706409216e+00 1.039024725764609869e+01 4.801819967470667194e+01 9.470474159339037357e+00
8.971826270146536331e+00 -6.684485549109637770e-01 7.332099576706409216e+00 1.039024725764609869e+01 4.801819967470667905e+01 9.470474159339033804e+00
8.971826270146538107e+00 -6.684485549109635549e-01 7.332099576706407440e+00 1.039024725764609869e+01 4.801819967470667905e+01 9.470474159339033804e+00
8.971826270146536331e+00 -6.684485549109632219e-01 7.332099576706410105e+00 1.039024725764609869e+01 4.801819967470667905e+01 9.470474159339033804e+00
7.308977778188069152e+00 5.650618772355613828e+00 -2.612128684114936927e+00 1.127532517155488812e+01 5.071203013092652867e+01 9.968516070844831489e+00
1.297421723746878186e+01 9.963243623148704486e+00 -2.635016451724173425e+00 1.077123762873645063e+01 4.672673217763039588e+01 9.030074605251243725e+00
7.903929043751128702e+00 -5.006016188262384370e-01 6.162961552469155002e+00 1.045994266877575107e+01 4.709084305892176303e+01 9.909949862888062455e+00
8.241867418168663306e+00 5.947105875862463975e+00 -7.759265898454065224e-01 1.118118229854703571e+01 4.622758916491319781e+01 9.204340806207149228e+00
7.903929043751129591e+00 -5.006016188262385480e-01 6.162961552469155890e+00 1.045994266877575285e+01 4.709084305892176303e+01 9.909949862888062455e+00
7.095226585917890461e+00 3.226638826843299057e+00 1.669665720260051778e+00 1.149761485989965770e+01 4.796694174116169052e+01 1.030158418260522524e+01
7.903929043751128702e+00 -5.006016188262384370e-01 6.162961552469155002e+00 1.045994266877575107e+01 4.709084305892176303e+01 9.909949862888062455e+00
8.971826270146536331e+00 -6.684485549109635549e-01 7.332099576706409216e+00 1.039024725764609869e+01 4.801819967470667194e+01 9.470474159339037357e+00
8.971826270146536331e+00 -6.684485549109637770e-01 7.332099576706409216e+00 1.039024725764609869e+01 4.801819967470667905e+01 9.470474159339033804e+00
8.971826270146536331e+00 -6.684485549109628888e-01 7.332099576706406552e+00 1.039024725764609691e+01 4.801819967470667194e+01 9.470474159339037357e+00
8.971826270146538107e+00 -6.684485549109635549e-01 7.332099576706407440e+00 1.039024725764609869e+01 4.801819967470667905e+01 9.470474159339033804e+00
8.971826270146538107e+00 -6.684485549109635549e-01 7.332099576706407440e+00 1.039024725764609869e+01 4.801819967470667905e+01 9.470474159339033804e+00
8.971826270146536331e+00 -6.684485549109632219e-01 7.332099576706410105e+00 1.039024725764609869e+01 4.801819967470667905e+01 9.470474159339033804e+00
9.963988078794447034e+00 1.893668357550988057e+00 4.974971303075264473e+00 1.013114564097983106e+01 4.621428350629273041e+01 8.260237799503549638e+00
