4.423475726813218500e+01 -3.090741753133900005e+01 -8.692683027338490831e+01 1.230472582715209562e+01 1.389478679217497188e+02 7.950460612153605666e+00
4.423475726813219211e+01 -3.090741753133900360e+01 -8.692683027338489410e+01 1.230472582715209739e+01 1.389478679217497188e+02 7.950460612153605666e+00
4.423475726813218500e+01 -3.090741753133900005e+01 -8.692683027338489410e+01 1.230472582715209562e+01 1.389478679217497188e+02 7.950460612153605666e+00
4.423475726813217790e+01 -3.090741753133898939e+01 -8.692683027338487989e+01 1.230472582715209207e+01 1.389478679217497188e+02 7.950460612153605666e+00
4.423475726813217790e+01 -3.090741753133899650e+01 -8.692683027338487989e+01 1.230472582715209207e+01 1.389478679217497188e+02 7.950460612153605666e+00
4.423475726813218500e+01 -3.090741753133900005e+01 -8.692683027338489410e+01 1.230472582715209562e+01 1.389478679217497188e+02 7.950460612153605666e+00
4.423475726813219211e+01 -3.090741753133899294e+01 -8.692683027338489410e+01 1.230472582715209562e+01 1.389478679217497188e+02 7.950460612153605666e+00
4.423475726813218500e+01 -3.090741753133900005e+01 -8.692683027338489410e+01 1.230472582715209562e+01 1.389478679217497188e+02 7.950460612153605666e+00
4.423475726813217790e+01 -3.090741753133899650e+01 -8.692683027338487989e+01 1.230472582715209207e+01 1.389478679217497188e+02 7.950460612153605666e+00
4.423475726813217790e+01 -3.090741753133899650e+01 -8.692683027338487989e+01 1.230472582715209207e+01 1.389478679217497188e+02 7.950460612153605666e+00
4.423475726813217790e+01 -3.090741753133898939e+01 -8.692683027338487989e+01 1.230472582715209207e+01 1.389478679217497188e+02 7.950460612153605666e+00
4.423475726813217790e+01 -3.090741753133899650e+01 -8.692683027338487989e+01 1.230472582715209207e+01 1.389478679217497188e+02 7.950460612153605666e+00
4.423475726813217790e+01 -3.090741753133899650e+01 -8.692683027338487989e+01 1.230472582715209207e+01 1.389478679217497188e+02 7.950460612153605666e+00
4.423475726813217790e+01 -3.090741753133899650e+01 -8.692683027338487989e+01 1.230472582715209207e+01 1.389478679217497188e+02 7.950460612153605666e+00
4.423475726813217790e+01 -3.090741753133899650e+01 -8.692683027338487989e+01 1.230472582715209207e+01 1.389478679217497188e+02 7.950460612153605666e+00
4.423475726813219211e+01 -3.090741753133900005e+01 -8.692683027338489410e+01 1.230472582715209562e+01 1.389478679217497188e+02 7.950460612153605666e+00
4.423475726813219211e+01 -3.090741753133900005e+01 -8.692683027338487989e+01 1.230472582715209562e+01 1.389478679217497188e+02 7.950460612153605666e+00
4.423475726813219921e+01 -3.090741753133901071e+01 -8.692683027338489410e+01 1.230472582715209739e+01 1.389478679217497188e+02 7.950460612153605666e+00
4.423475726813219921e+01 -3.090741753133901071e+01 -8.692683027338490831e+01 1.230472582715209739e+01 1.389478679217497188e+02 7.950460612153605666e+00
4.423475726813219211e+01 -3.090741753133901071e+01 -8.692683027338490831e+01 1.230472582715209739e+01 1.389478679217496904e+02 7.950460612153619877e+00
