-3.025851016306469532e+01 -1.900660714945649659e+02 3.437648976346184071e+01 1.165196020504818719e+01 2.020171960502372883e+02 7.826380267707790495e+00
-4.615824137779320324e+01 -1.478414821932302345e+02 1.671633148811606739e+00 1.125128891247465113e+01 2.098394326622143637e+02 7.177281287027085455e+00
-1.424586550892692287e+02 -1.982878398332061067e+02 -2.525884396180359204e+00 1.081768256072725620e+01 2.385033490330901031e+02 8.443790849301052504e+00
-1.736938990615789180e+02 -2.054155335176027677e+02 -5.987737417263785034e+01 1.219594864577852711e+01 2.345645966466380514e+02 8.198823264750956241e+00
-1.570893139997608046e+02 -1.909209272440491532e+02 -8.346094459630180040e+00 1.036425751145228880e+01 2.395654190403949144e+02 7.881153318900430804e+00
-1.739680066585090970e+02 -1.644793678431647947e+02 -9.488313226502121722e+00 1.015045315960762551e+01 2.722545637817665920e+02 7.298308573301312663e+00
-7.469824235268046664e+01 -8.691382165493301670e+01 5.297803060184882895e+01 8.001842968070432605e+00 1.854296295094179357e+02 7.594519307480879888e+00
-4.155598204577980681e+01 -3.470054120303175438e+01 -8.241392621283745612e+00 1.005456633685226642e+01 1.977925428321300387e+02 6.847697088053465109e+00
-1.487712351818228456e+02 -1.218038748478409872e+02 3.302413898765052380e+01 9.448517441429864050e+00 2.939860370833961838e+02 6.869539850524148505e+00
-1.766981154148566304e+02 -1.540212355318989239e+02 -1.346561896076341291e+01 9.288996643076741222e+00 2.732869325452645626e+02 6.936726912221729435e+00
-1.762618165391380103e+02 -1.500634237716954260e+02 -2.629531151813042200e+00 9.128117565335731598e+00 2.850853205621082225e+02 6.820611225029324487e+00
7.009332767888618321e+01 7.563865087494522754e+01 2.050236951500698694e+02 1.558574143060054418e+01 2.556905307202439133e+02 1.051123972727897637e+01
-1.663197868596052160e+02 -1.263667331084416787e+02 2.017782750902252076e+01 9.150590179840893512e+00 2.944716412492041400e+02 6.684489519965922000e+00
-1.118933303470634257e+02 -7.911446122124661429e+01 5.380838581941471688e+01 9.329921537507907203e+00 2.882902183564333427e+02 7.056130896063137925e+00
-1.976288239754394738e+02 -1.454880362890241372e+02 3.256245577281583081e+01 1.104338220222681244e+01 3.007163572205542437e+02 7.222515004137449068e+00
-5.314937409458494955e+01 3.025524280083867268e+01 1.602589741774253795e+01 7.913748746424174918e+00 1.992581930561451315e+02 4.963718115190587810e+00
9.695266139245586601e+01 1.784284242812776711e+02 -2.801757542966146630e+01 1.445516198111005401e+01 2.892368363469632300e+02 9.858926443779324700e+00
7.851227524554090564e+01 1.724698281952537116e+02 6.414973753871848317e+01 1.234267077841577276e+01 3.038538958117864581e+02 9.362564694895525008e+00
8.186119623478874985e+01 1.674158249669064276e+02 6.043168956724281315e+01 1.201858950213041233e+01 3.040714184200810450e+02 9.361198675457700347e+00
4.837412975597995057e+01 1.387384023369638442e+02 9.283659852454648842e+01 1.356635974732883909e+01 2.950467081666901095e+02 9.779776845444786204e+00
7.994372029236373578e+01 1.756951529487208461e+02 7.528374076681997451e+01 1.230155609017889518e+01 3.075934979806953038e+02 9.261482555931564775e+00
7.355075872477478072e+01 1.775497954407236136e+02 5.626761313694419897e+01 1.173660582397776686e+01 2.937658719116296311e+02 8.789739472469648263e+00
8.809210127317473393e+01 1.992595195210453483e+02 -2.869025764720807103e+01 1.400905180111104009e+01 2.969598078865219009e+02 9.679973633196482297e+00
8.542960293392897597e+01 2.304249118709374500e+02 -2.404988070542923140e+01 1.198588900092084586e+01 2.869055593745091528e+02 8.569702202760623777e+00
-8.344140527612790947e+01 5.396888866319264366e+01 3.531298196629478525e+01 9.759176912949763860e+00 2.370103953416389402e+02 7.306653420403250720e+00
3.382912431781262796e+01 1.801464602742039176e+02 8.027733956662750359e+01 1.174574521805777572e+01 2.580818232654132771e+02 8.044180554591406462e+00
4.241726087238178877e+01 1.867846289241643660e+02 8.872668677843847718e+01 1.128395003556081200e+01 2.566154905690613077e+02 7.900046342820814971e+00
9.719051926123862017e+01 2.722379879371188167e+02 -5.464323768277010629e+01 1.251042753314615297e+01 2.826070593598114442e+02 8.057316929906988889e+00
4.121844480113675324e+00 1.865832643274626150e+02 3.632932124720988298e+01 1.143933726449388111e+01 2.802817332613740291e+02 8.529649948761260703e+00
6.516116172522433203e+01 2.535222250409867115e+02 -4.861701334385545437e+01 1.165702242065344230e+01 2.437081451244500272e+02 7.128995609531528999e+00
7.741953766296043682e+01 3.339453007805823290e+02 -7.077322058289047391e+01 1.094179626033552211e+01 2.361873408970091361e+02 7.841183742064927742e+00
6.125053842805516524e+01 3.486476865834874275e+02 -8.177135735744059275e+01 1.186895960417672136e+01 2.601518018388494511e+02 8.404368433288482265e+00
8.163297687895848753e+01 3.452306389362670984e+02 -8.546725861145340275e+01 1.199243356206125277e+01 2.453101913904108358e+02 8.751201718579110889e+00
4.658420763031075751e+01 3.194004208611439708e+02 -9.405065697152743098e+01 1.060438894945597710e+01 2.689708348501748105e+02 7.830481194848971427e+00
6.867019977217388771e+01 3.576756984740422354e+02 -8.285707000431612812e+01 1.238369508508164429e+01 2.668754156905427521e+02 8.723336396813465399e+00
-3.597895927459737297e+00 3.579685500749860125e+02 -5.859244630320346658e+01 8.739025144695917291e+00 2.371220150049337008e+02 7.401794546391997187e+00
-3.519868702071119060e+01 3.795649959664405060e+02 -5.205071766624877938e+01 8.706622364707063966e+00 2.612089728550686232e+02 8.978786209268406537e+00
1.621363407897942110e+01 4.021639629854907412e+02 -4.584364411550946983e+01 9.709593291272748061e+00 2.282658263954550080e+02 8.922958259103026535e+00
2.412352108577474841e+00 -1.150275080785145576e+01 4.556745509936060756e+01 1.267813436534368243e+01 1.780981190243175831e+02 8.689379701898644726e+00
3.402301558570713258e+00 1.033381913695502519e+01 7.829785042333350020e+01 1.215215055990844562e+01 1.613575145445665271e+02 8.173592162045139276e+00
2.018584840304977845e+01 7.270247673454444737e+01 9.197719583332798265e+01 1.607951730324348105e+01 2.080142783560782220e+02 9.414430640051477894e+00
1.082799275791586879e+01 6.254839683673476003e+01 5.107917147341005659e+01 1.366697993578475590e+01 2.011557605439128622e+02 7.336724277196239541e+00
7.805941382920662974e+00 6.180967139673034438e+01 5.469409802461031944e+01 1.341951262620757568e+01 1.833091377973285887e+02 6.514478539925036671e+00
-2.513807027633366076e+01 5.941059691742346160e+01 3.035956374791744850e+01 9.685942828885861999e+00 2.130487972273018897e+02 5.472507035567772959e+00
3.240339031606487730e+00 -2.299170136899013528e+01 4.791907183502915757e+01 1.250201056062985394e+01 1.893870309709722335e+02 8.949968993761302727e+00
6.718663974633079761e+01 8.202820278219328998e+01 1.880476152650907409e+02 1.535649854808906056e+01 2.634604856520233511e+02 1.038897429468596556e+01
-3.569316125666973250e+01 -6.623827328160649586e+01 7.403529414311296364e+01 1.082246952019897002e+01 1.878470854179005016e+02 7.985718401117665621e+00
2.226087618911330992e+02 2.460196680863649377e+01 1.776248987336336711e+02 1.645430020150127248e+01 1.782810702233975064e+02 9.351631454988165615e+00
2.159965577054898347e+02 3.657946306079462317e+01 1.540922372311012793e+02 1.542356710789626639e+01 1.859922041377003552e+02 9.070591813140538306e+00
2.159965577054898063e+02 3.657946306079462317e+01 1.540922372311012793e+02 1.542356710789626639e+01 1.859922041377003552e+02 9.070591813140524096e+00
1.854557696822293735e+02 -2.791600756097241121e+00 2.007836853923447507e+02 1.653750370298659789e+01 1.884097927391248959e+02 9.519796327017758131e+00
2.039576248104665410e+02 2.715581149725236898e+01 1.854206981711159017e+02 1.504335776450368023e+01 1.878782251885513119e+02 8.759670261218786891e+00
1.185299699935782058e+02 1.544979974944298462e+01 1.252990135868813724e+02 2.082628099317791026e+01 2.443401062044461014e+02 1.066955648392411149e+01
1.482315621255413305e+02 1.482413243131894731e+01 1.404981331020113657e+02 1.777608056274810266e+01 2.379698300205301109e+02 1.060249757290215200e+01
1.712275943712794231e+02 3.955955615224697652e+01 9.276588150765358876e+01 1.562527986354145426e+01 2.299419274512588913e+02 1.011401738721238530e+01
2.012680286733224193e+02 1.203442365682662114e+02 8.388844251017063414e+01 1.365592267792983883e+01 2.618754665866964615e+02 8.536141948576556615e+00
2.012680286733224477e+02 1.203442365682662398e+02 8.388844251017066256e+01 1.365592267792984238e+01 2.618754665866965183e+02 8.536141948576528193e+00
9.940777890822018037e+01 1.318110352868719986e+02 1.292476604743108055e+02 1.223514867504789549e+01 3.042887567755338409e+02 9.493326062648975494e+00
8.186119623478876406e+01 1.674158249669064276e+02 6.043168956724281315e+01 1.201858950213041233e+01 3.040714184200810450e+02 9.361198675457700347e+00
-6.525311786055279129e+01 3.674575690123699445e+01 6.550352626573018711e+01 8.500807061315139634e+00 2.311506218897106635e+02 7.173851475912329079e+00
-4.397372195611537649e+01 5.770017940275754142e+01 5.287414793109624256e+00 1.005779850110783258e+01 2.275048296190654469e+02 6.949001400054470423e+00
-1.118573974387665828e+02 5.337915465077856680e+01 8.511464270610734673e+01 9.757894926448493322e+00 2.381669372520039758e+02 7.898459222018985315e+00
-7.560299103701206036e+01 6.197452403815396593e+01 3.029533239380549858e+01 1.048481962712607540e+01 2.391683298432298841e+02 7.310929546217025177e+00
-1.671840076565513584e+02 1.089689038845971112e+02 1.392014490333178287e+02 1.692970864252347596e+01 2.321194250811421966e+02 9.908428272890148492e+00
-2.124639313226009563e+02 1.001618965633205249e+02 1.259260957053694199e+02 1.373055784119301492e+01 2.275256633876715000e+02 8.820466515993786061e+00
-9.082172229232696736e+01 2.307694992858489513e+02 -4.132515997782923733e+01 8.598469466210627132e+00 2.163206589764371017e+02 6.974222232800457277e+00
-1.766825693643488364e+02 1.821798792216725928e+02 5.020757874824713696e+01 9.897028194203620899e+00 2.127834286310848881e+02 9.009918580183949643e+00
-1.603486589769281068e+02 2.032552893120557371e+02 2.219669552951962288e+01 9.438422075197902217e+00 2.406868245251492908e+02 8.794718725139432536e+00
-4.809727598921114122e+00 -1.297804922197128263e+01 1.183601241664182169e+01 1.169691144167341434e+01 1.816547480799772529e+02 7.777595408817546740e+00
5.667955320509162931e+01 8.998072668639910177e+00 9.509343609917951312e+01 1.500734650428226225e+01 2.194072640091936535e+02 9.019249109365361505e+00
5.399282063450833391e+00 -8.712893282863259259e+00 4.112011961960764239e+01 1.239626202106059871e+01 1.774274499619492360e+02 8.310946494892789360e+00
3.983905328854410755e+01 -2.775832730393597103e+02 -9.944593172647310908e+00 1.322514487225177504e+01 2.276042837909691059e+02 7.882992262308121667e+00
-7.038567561086549063e+01 -2.996376709697037199e+02 -2.379926270946352318e+01 1.277354013708303704e+01 1.446760087229392582e+02 8.911518714053698886e+00
-4.828012312816035490e+01 -3.054552580251244649e+02 -2.907997545348338875e+01 1.352656117708659878e+01 1.454422479886776216e+02 9.011714418382425151e+00
7.348862801586733440e+01 -2.124924368489963626e+02 1.046489899431773729e+01 1.347815595255447896e+01 2.431773221334588300e+02 7.692079958374549165e+00
7.677574309093438387e+01 -2.082413566478863913e+02 1.108296912780305554e+01 1.338459759452656073e+01 2.413556038297018915e+02 7.497651565915035121e+00
-7.509757663794323435e+01 -3.029485218617966211e+02 -1.775791837589583722e+01 1.328927702705044567e+01 1.432634897662345850e+02 8.875785820537998916e+00
-6.416086680385126861e+00 -3.008781725031115002e+02 -1.103878070506894638e+01 1.557033440790714351e+01 2.145546317374668206e+02 8.762793037627062631e+00
8.275389588403112384e+01 -1.898701186588583312e+02 6.173494702162368242e+01 1.336400077078518045e+01 2.353632086796914962e+02 7.011045303186534738e+00
4.925891539179946932e+01 -2.160356541275446034e+02 3.150273128874821182e+01 1.297693594120043592e+01 2.442262475656537504e+02 7.656602559644852590e+00
7.518142414549690500e+01 -1.652386358393914918e+02 5.440386541320107483e+01 1.214886217075313013e+01 2.764006331396511200e+02 7.783466776133792564e+00
-1.036810908749729236e+02 -2.240024623796686569e+02 1.492951126158352615e+01 1.237053446960457848e+01 2.091660285514834925e+02 8.450122458580551665e+00
-4.615824137779321035e+01 -1.478414821932302061e+02 1.671633148811602299e+00 1.125128891247465290e+01 2.098394326622143637e+02 7.177281287027085455e+00
-1.288082809857198185e+02 -1.672985862685875702e+02 1.042344985187478024e+01 1.023291233111603304e+01 2.402538813422168005e+02 7.990824978312758731e+00
-7.455600563475709919e+01 -1.300182414309682315e+02 4.594085123207603516e+01 9.738820551264206316e+00 2.360724676873607848e+02 7.998394334451660370e+00
-8.232780744797555883e+01 -1.146364975716999481e+02 2.598342895974608879e+01 1.004225095053204164e+01 1.947023112343559319e+02 8.477157583968747190e+00
-9.553705923261635746e+01 -1.224109256284994842e+02 5.444236521497309411e+01 9.972370651601512037e+00 2.439040538818491939e+02 8.090031159522268922e+00
-8.264535749512583607e+01 -1.100010471942099315e+02 2.830499679296063675e+01 9.718494604359383615e+00 1.904597792186056324e+02 8.111607380047971105e+00
-1.168286690555820826e+02 -1.048354589747100647e+02 3.582444420371371052e+01 1.097986605002593308e+01 3.009185064099581268e+02 7.875273983502466990e+00
-6.621303695219185670e+01 -2.042846009247596584e+01 -4.551403265325452452e+01 9.216175812351195873e+00 1.936523689501370598e+02 6.763133869054200886e+00
-7.326739571364193182e+01 1.681825207961740887e+01 6.207194179196238082e+01 8.340782053098372728e+00 2.535090284388309385e+02 6.957665012694874918e+00
-6.298016314804112170e+01 2.308603277794102482e+01 4.547093524041510193e+01 8.345727074933341427e+00 2.074297170127751997e+02 5.843961312009497533e+00
-6.793715359841398538e+01 2.601590605023662661e+01 4.678649780019105009e+01 8.301131258328407370e+00 2.291231710237967434e+02 5.803390706269013322e+00
-7.511437685945908527e+01 4.916211475154161548e+01 3.522196410322451499e+01 1.002730171341629628e+01 2.328205907990098922e+02 7.259716628472148159e+00
-8.033967154087588369e+01 8.733289421018740484e+01 1.247414979759906544e+02 1.090133280069085231e+01 2.128685686051371988e+02 8.334461442952203925e+00
-1.540834232122826641e+01 1.641928463415953843e+02 7.234832423705270799e+01 1.301762937979335710e+01 2.583488726509174853e+02 8.813932749619482365e+00
-7.852157665686107180e+00 2.355471998889882741e+02 -7.392801934713905609e+01 1.163700565241721563e+01 2.686163574691608460e+02 8.151455899234349545e+00
-1.330054670043188025e+02 1.802076430651890462e+02 8.311217712737733621e+01 8.778510073936853786e+00 2.414795850584475261e+02 9.249062762297285190e+00
-8.604349710838391729e+01 2.313515730366585501e+02 -3.405739837184876961e+01 8.670617671013692629e+00 2.256559937160987488e+02 7.920978292880988647e+00
-1.230479424321081723e+02 2.233366191196091393e+02 -5.923050265515904522e-01 9.757104377452897381e+00 1.957511430362540636e+02 8.735693716837687361e+00
-2.365544270413269601e+01 2.607023346078901795e+02 -5.868416616678260311e+01 1.168199546355879903e+01 2.422128196442128854e+02 7.823328795483249110e+00
8.727795204353151703e+00 3.720920899352770448e+02 -5.988567290685062972e+01 9.482916640528859631e+00 2.589245980975928774e+02 8.532472138375737813e+00
-1.224764888065483888e+02 2.254109522038576756e+02 -1.514114945559572689e+01 9.641907925985591987e+00 2.262527071661243099e+02 7.902248408367938737e+00
-9.263246757410932730e+01 2.668192379085070911e+02 -7.715354632323703754e+01 8.387378531363852474e+00 2.146039608208571678e+02 7.138167702023636707e+00
-9.233911031616129250e+00 3.576759183373743554e+02 -4.979974334819186055e+01 8.872709573780809933e+00 2.344810173553501045e+02 7.422386764393039016e+00
8.553402352176810552e+00 3.872020916719348520e+02 -4.071917813045968870e+01 9.429787892655850712e+00 2.508339889249461407e+02 8.400369414566455362e+00
8.763115277333069386e+00 4.044434108197775117e+02 -5.579512315474902806e+01 9.759970400427611992e+00 2.503250436931949992e+02 9.207219910987205935e+00
-1.073088018898688603e+02 3.258087356788060447e+02 -3.661412702993924739e+01 7.361992974367910669e+00 2.768687911267718391e+02 8.200857701304840930e+00
-8.479912018321176248e+00 4.090143126871915342e+02 -7.389588224784797887e+01 9.314691479003034402e+00 2.426797066093495800e+02 9.160173036318724371e+00
-1.017208376294094876e+02 3.334588627464655701e+02 -3.133962586924821991e+01 7.545685563000030349e+00 2.805002495542561860e+02 9.056512299058169901e+00
-6.711253054427656650e+01 3.535690563261384227e+02 -4.525092646194256218e+01 6.632471181325113818e+00 2.529004300114968089e+02 8.773329079591988489e+00
-1.290326445595039786e+02 3.149224940989688548e+02 -1.357946683241681107e+01 7.408339905865156005e+00 2.657586122781348195e+02 8.417586519617771046e+00
-7.781561455054840337e+01 3.540152353833258303e+02 -2.932728437428333734e+01 6.862509889628110926e+00 2.652382843784056945e+02 8.893834247588983999e+00
-3.185210424576185062e+01 4.034534443338496317e+02 -5.427808217952081549e+01 9.187485764413715117e+00 2.672507998117124544e+02 9.096961691757456947e+00
-4.248738237355539127e+01 4.786822431454474724e+01 -2.234656295333828524e+01 1.004677666059887287e+01 2.017129395948608988e+02 7.152164116715511000e+00
3.240339031606485953e+00 -2.299170136899014238e+01 4.791907183502912915e+01 1.250201056062985216e+01 1.893870309709722335e+02 8.949968993761302727e+00
-1.993180384761623003e+01 -5.801307222926381257e+01 9.451156156715484258e+01 1.161207772118140547e+01 1.970874425223484252e+02 8.344900677739374828e+00
-2.051258854868265757e+01 -4.474521552031340121e+01 9.037167536810606805e+01 1.303063468406606695e+01 1.959979272849588199e+02 8.610988402346123394e+00
9.474206534189451645e+01 2.776000024544221745e+01 2.457797222030189133e+01 1.700925635153488358e+01 2.379123998449849466e+02 1.008191460186036181e+01
1.173640658456650243e+02 4.160162768622172536e+01 1.086376538965938607e+02 2.006694247444883317e+01 2.244708165887049063e+02 1.077325755891172321e+01
-8.283377759315530398e+01 -7.900904295145873846e+01 5.267926233853411588e+01 8.374111438794637152e+00 1.896706289861453456e+02 7.766010425273293549e+00
-3.623959038453278936e+01 -1.505415564917426785e+01 -4.570983741275061618e+01 1.040930975655306767e+01 1.879894877380115759e+02 7.503482716486828963e+00
-3.623959038453278936e+01 -1.505415564917426785e+01 -4.570983741275061618e+01 1.040930975655306767e+01 1.879894877380115759e+02 7.503482716486828963e+00
-5.357092453706167845e+01 3.055511110265716468e+01 1.501220628830590620e+01 7.931453236090119319e+00 2.084277812576816586e+02 6.332411887344676416e+00
-8.094705807283023091e+01 3.571616060631391321e+01 2.203785026592884577e+01 9.907025004592705741e+00 2.383806357487956689e+02 7.194412215910148234e+00
-9.655302858071806327e+01 5.054295863577795700e+01 6.104251775477656849e+01 9.374046727504676824e+00 2.471599886713057685e+02 7.757823904182373553e+00
-2.598565879153362062e+02 2.168798973332804181e+01 9.473880675265287721e+01 1.515548396463518266e+01 2.700407885857246129e+02 7.913985318902177823e+00
-1.585570658048499411e+02 5.790666861556086076e+01 1.837777665085500871e+02 1.216927800686994665e+01 2.098525672942792539e+02 8.662148312281317430e+00
-2.078083791769556967e+02 5.184937267409610939e+01 1.582700680401160014e+02 1.545721065245065518e+01 2.628027016603900279e+02 8.710756069958335956e+00
-2.782798020618023997e+02 7.375991871575870107e+01 7.391857148784788478e+01 1.526834762103831800e+01 2.240576042003484076e+02 9.049733879577388507e+00
-3.700373600915457359e+02 2.027036941036978845e+01 -4.640077992557039011e+01 1.418018598700378519e+01 2.420939900121438484e+02 9.214914238342245767e+00
-1.656430658362806980e+02 1.828156347020220664e+02 5.936297595343141609e+01 9.769875865375034607e+00 2.231728646139579268e+02 9.544310590932795435e+00
-1.878139100991417649e+02 1.305261763496359890e+02 1.332835284119884989e+02 1.509167532351767527e+01 2.315566615323342603e+02 9.926929664731304115e+00
-4.293227602723908376e+02 2.993329102849436296e+01 -5.506195544897040861e+01 1.140136055188138364e+01 2.279300057035054010e+02 8.691659727171227701e+00
-4.226726612746018645e+02 7.006756145207504005e+01 -2.542219301368281492e+01 1.102275200138157629e+01 2.094736498942050389e+02 8.156332507191407899e+00
-4.669430132074937205e+02 3.589649119454775672e+01 -8.714826065939446664e+01 1.268925305873541021e+01 2.178071337215565109e+02 1.195259506322129539e+01
-4.226726612746017508e+02 7.006756145207502584e+01 -2.542219301368281492e+01 1.102275200138157452e+01 2.094736498942050957e+02 8.156332507191379477e+00
-2.104942465570141792e+02 1.792945816169069246e+02 3.224423312046594958e+01 9.968961598278163194e+00 1.833969465394666827e+02 9.482907799117469949e+00
-4.669430132074936068e+02 3.589649119454774961e+01 -8.714826065939445243e+01 1.268925305873540843e+01 2.178071337215565109e+02 1.195259506322129539e+01
-4.272656635836788155e+02 8.087409651623330831e+01 -3.233796218078052931e+01 1.137776729880928350e+01 2.101027070268253283e+02 8.345086025049027967e+00
-4.438882829354033674e+02 7.844779328383461348e+01 -2.504985157914118332e+01 1.145419135289496637e+01 2.129498239022516941e+02 8.266819777134216451e+00
-4.403200800496067586e+02 8.160918480094417760e+01 -2.780592473733469205e+01 1.127973120676066898e+01 2.134046098377446299e+02 8.380936693449328345e+00
-4.563510866978134004e+02 6.426867770317313955e+01 -5.180869545320508962e+01 1.179179671886895342e+01 2.201356116124785558e+02 1.184403734281659126e+01
-4.626203198570729569e+02 7.720056843941560487e+01 -3.634190204004108438e+01 1.235274381731411530e+01 2.291363076860583305e+02 1.194394785084044486e+01
2.182341425157783732e+01 5.812405220543462292e+01 9.562218682010787063e+01 1.480923527838010045e+01 1.849836749553862774e+02 7.899347394286536428e+00
5.479297901369963597e+01 6.018540351370862140e+01 1.369527561019687312e+02 1.364163738889801891e+01 2.362386716860725926e+02 9.391438211550948267e+00
1.173967282084577874e+02 -1.962458174858250004e+02 1.142767847300505224e+01 1.496871514666701586e+01 2.267498842337080589e+02 7.996141754058143647e+00
1.210870789231620961e+02 -1.863285965254463576e+02 -5.125647710864835283e+00 1.470543650836032512e+01 2.382272864304171378e+02 8.222945693871295703e+00
1.187827682764193327e+02 -1.766608961419771333e+02 2.716203147385516381e+00 1.428205145375109630e+01 2.370452277520051894e+02 8.022941162489374278e+00
1.246873709404474226e+02 -1.538090398877624239e+02 4.741985190330145628e+01 1.474033099826830018e+01 2.680377585341289546e+02 7.961533114362282504e+00
1.881458983746170688e+01 -1.917949884936317630e+02 5.589638624083185903e+01 1.396414029269852364e+01 2.401411824323350004e+02 7.827207337990572000e+00
1.641248437396907178e+01 -1.668753902849249755e+02 5.431288029815505780e+01 1.352342478628272282e+01 2.501972172107435597e+02 7.951391394628203102e+00
5.993418158906191451e+01 -1.237252823737042036e+02 9.603287588715393497e+01 1.114459966465419249e+01 2.734197277081520383e+02 7.429693086411361946e+00
1.376487741782486296e+02 -3.732185411970339572e+01 1.794712290818333713e+02 1.386212088200259451e+01 2.025165425341841114e+02 8.457757074258324792e+00
1.654095716164821397e+02 4.739158464258147241e+00 1.728595014012716433e+02 1.551783906428761028e+01 2.227328612935235412e+02 8.910323133842069865e+00
1.117596012931072664e+02 -3.211855290444064792e+01 1.448959984878455884e+02 1.533879098432170451e+01 2.250616804344977879e+02 9.101338399266893475e+00
1.143598125543705919e+02 1.755483880886137626e+01 1.232927219877161349e+02 2.104715983664798529e+01 2.440299981559644209e+02 1.065690827244371519e+01
9.211133595300209720e+01 2.453648286172586168e+01 2.092573205088374522e+01 1.766302178643443099e+01 2.349371139262590304e+02 1.017894595016684889e+01
-7.706309543324329070e+01 4.697772172692437920e+01 2.529464233093517578e+01 9.989516926234834671e+00 2.405538193419509980e+02 7.119626781158856943e+00
2.806113196825031864e+01 1.599037538731605252e+02 9.411962002131794236e+01 1.215332887150194630e+01 2.609638097514672381e+02 8.965690567859439852e+00
-8.604349710838391729e+01 2.313515730366585217e+02 -3.405739837184876961e+01 8.670617671013692629e+00 2.256559937160987488e+02 7.920978292880988647e+00
-1.071634275547755095e+02 2.334419226971327248e+02 -2.689696737577450136e+01 9.467688761418964205e+00 2.166731351598531887e+02 7.896979642895431084e+00
-6.818983520050051084e+01 2.658016487327916479e+02 -4.120585056506289590e+01 8.650383307034237745e+00 2.414469869350205897e+02 7.767401151524879310e+00
-1.114501984289487382e+02 2.301366286046236667e+02 -1.895468050024041418e+01 9.245845792023269283e+00 2.245178166649586728e+02 7.221780483747366475e+00
-1.361137125715638945e+02 3.096357780270992635e+02 -7.121471763510282216e+00 7.414796955175325444e+00 2.383659948482585378e+02 8.531280849680044298e+00
-2.694866434418166179e+01 -3.010433907223517167e+02 -3.063378907073315816e+01 1.297722663762535333e+01 1.393764237595440534e+02 9.510411056488678128e+00
9.304911278022142795e+00 -2.999597706938539545e+02 4.955533811956411405e+00 1.452561239151550332e+01 1.915391343825068304e+02 8.281895436621255158e+00
4.227773046276742974e+01 -2.648749900468466763e+02 -2.574958222023060728e+01 1.314541716237225444e+01 2.327875855796438316e+02 7.739993404751231765e+00
2.664037866619798223e+01 -2.782488623641182812e+02 9.077794774666903876e+00 1.334451446958745713e+01 2.058926601411521915e+02 7.921482548777049715e+00
9.672848363434481200e+01 -1.900865079068565535e+02 3.408386585609336095e+01 1.293768653621734011e+01 2.556646045114575543e+02 6.861542722429007313e+00
4.327915374480102173e+01 -2.166410999178033592e+02 4.281961542239876906e+01 1.332244178671605894e+01 2.352293774170224765e+02 7.418096991880162250e+00
-8.483814465860167786e+01 -2.616727148051005543e+02 1.290627985547126677e+01 1.455602745148439148e+01 2.060338807089746638e+02 8.109505080431532065e+00
-7.408980094233321267e+01 -1.513513003126653302e+02 4.453912999768061098e+01 9.595819384401034213e+00 2.106061430727983179e+02 7.320668745124081056e+00
-4.542698751079579722e+01 -1.388893668451935071e+02 1.689872308289375979e+01 1.127825384135012854e+01 2.204708824312181150e+02 7.585553836206727851e+00
-5.015931459942942894e+01 -8.144121974481161885e+01 5.551259365614507146e+01 9.182545393096834374e+00 1.874818057839213452e+02 7.814731491366387672e+00
-9.470821699534064919e+01 -1.075309186920436844e+02 5.661017420553596935e+01 9.875533549554335266e+00 2.397941773688427247e+02 8.238571847688149319e+00
-1.400199659113258974e+02 -1.029542816677315216e+02 3.403838839985075282e+01 1.006057894004131725e+01 3.035800388694882486e+02 7.344819224174301553e+00
-1.705215745344106608e+02 -1.174706035521716814e+02 8.861775345241492019e+00 9.518204087283857362e+00 2.972585574882580204e+02 6.996351776682047330e+00
-1.763561523719490935e+02 -1.160656251668698928e+02 1.270667037230164453e+01 9.833237473976877752e+00 2.992130678964406343e+02 7.236642106716800527e+00
-2.167825408735495500e+02 -1.142038624256659176e+02 3.296318250726117327e+01 1.169605381746925232e+01 3.077779881667952964e+02 7.547030396889908843e+00
-1.193971255284748594e+02 -4.222458434631929691e+01 -1.178340600401444682e+01 9.588503701630008536e+00 3.216448779321692086e+02 7.058059826955684457e+00
-2.288046883988587865e+02 -1.136442695058885590e+02 2.817235821137624896e+01 1.219932577875692026e+01 3.002490799319791108e+02 7.603319019035666315e+00
-2.122548324076329322e+02 -5.751803990391339028e+01 7.547906815999208163e+01 1.266672338137815856e+01 3.158226519741735956e+02 7.535060721719872845e+00
-1.585570658048499411e+02 5.790666861556086076e+01 1.837777665085500587e+02 1.216927800686994665e+01 2.098525672942792539e+02 8.662148312281317430e+00
-4.208570442209350517e+02 1.652151557299275453e+01 -7.111270606080533696e+01 1.119225410852884295e+01 2.315082881885657287e+02 8.827646308648823492e+00
-3.750961430140139896e+02 6.990844072797602671e+00 -5.359910110330709188e+01 1.459740735505153175e+01 2.413523150914446660e+02 9.194297138936406100e+00
-4.141248116170876301e+02 7.459924231765364766e+01 -2.992939860153535037e+01 1.081828143664009190e+01 2.036520255239313713e+02 8.056538173112258505e+00
-4.626203198570729569e+02 7.720056843941559066e+01 -3.634190204004108438e+01 1.235274381731411530e+01 2.291363076860583305e+02 1.194394785084043065e+01
-1.078608993605789550e+02 2.332718342056926986e+02 -2.692394006674823714e+01 9.436456315010328666e+00 2.139450864123782594e+02 7.204892721405599332e+00
-1.205542832762492367e+02 2.548891468456407381e+02 -5.728675475668713091e+01 8.858491421465446436e+00 2.025944471104773470e+02 6.888080437494096486e+00
2.132612203310307564e+01 7.985052041025090830e+01 1.020874740469617450e+02 1.556087502493368824e+01 2.475822035203661358e+02 9.420797107748398957e+00
5.340566909090512127e+01 6.467217650627407011e+01 1.385850231466117748e+02 1.366465654537458363e+01 2.615290806009916764e+02 9.997617256142945052e+00
4.062603156428864537e+01 1.326147471252336345e+02 8.448382583131363788e+01 1.410165388315706281e+01 2.644958222732449826e+02 9.842192318896195502e+00
-4.272656635836789860e+02 8.087409651623332252e+01 -3.233796218078052931e+01 1.137776729880928528e+01 2.101027070268253283e+02 8.345086025049042178e+00
7.190755189184513085e+01 3.013909848328712471e+01 3.822760205738025974e+01 1.750814338469972142e+01 2.227452524746599352e+02 9.899526378181903397e+00
1.718021286039776783e+02 3.475173780354555930e+01 1.259415577553827461e+02 1.535272409273599692e+01 2.452382260170709856e+02 9.864791674259834053e+00
2.063038697658910436e+01 7.844225629605487882e+01 1.029057789564874668e+02 1.545013842660368830e+01 2.354743032689554525e+02 9.345144536153370041e+00
-3.095079408905141705e+01 6.138489517714946686e+01 5.631978988194371993e+01 9.163116389410072671e+00 2.405056340296418114e+02 6.682784275754784176e+00
2.090181692457375462e+01 2.970753474269394090e+01 2.278325927785014571e+01 1.624875022393516133e+01 1.874087177801502548e+02 8.944362485302946197e+00
5.042017405987794376e+01 -8.199991944338862027e+01 7.870723871002836347e+01 1.281184821584969313e+01 2.529491006111703939e+02 7.985376345443441437e+00
2.197549595452986750e+02 -6.018240901543974530e+01 8.542965799623395640e+01 1.633086630793257399e+01 2.255442528640444095e+02 8.825200841236565452e+00
1.718919876437210803e+02 -2.002129500388315719e+01 1.710030305338834467e+02 1.449499542830427856e+01 1.894114238899016414e+02 9.201385983920246758e+00
4.455139281711189625e+01 2.839179576249743420e+01 8.320850467152648378e+01 1.435392960116852734e+01 2.163752296359266722e+02 8.798805334120984867e+00
-6.621303695219184249e+01 -2.042846009247596584e+01 -4.551403265325451741e+01 9.216175812351195873e+00 1.936523689501370598e+02 6.763133869054200886e+00
1.168875608527424959e+02 -1.174708732316890405e+02 8.353017378889599343e+01 1.479713383598598142e+01 2.403148507687363065e+02 7.587973260749393489e+00
6.019136374544324752e+01 -6.975725001392139291e+01 7.345210349051947674e+01 1.456948254199175885e+01 2.527911143612449223e+02 8.232752899390050061e+00
1.168875608527424959e+02 -1.174708732316890121e+02 8.353017378889600764e+01 1.479713383598598142e+01 2.403148507687362780e+02 7.587973260749407700e+00
2.024918909196542671e+01 7.424406944380424989e+01 9.935281137803146123e+01 1.591106625695008070e+01 2.338488828282059728e+02 9.248483078436208871e+00
2.024918909196542316e+01 7.424406944380423568e+01 9.935281137803148965e+01 1.591106625695008070e+01 2.338488828282059728e+02 9.248483078436223082e+00
-3.526205898323203201e+02 6.888090359795666018e+01 6.000579429027572687e+00 1.321281117482791778e+01 2.121085747913082287e+02 8.021813848208523723e+00
1.100269640892408347e+02 -1.316241247739262121e+02 7.262458100121644122e+01 1.473223374974897837e+01 2.408011368328646427e+02 7.549175135479501364e+00
