2.796763460078878794e+01 -1.501564655170176721e+01 -4.690132322003991305e+01 4.124657798934421749e+00 5.619973309545162010e+01 6.174613754679945998e+00
2.627784758584451552e+01 -1.223115452060937258e+01 -4.400071644001663884e+01 4.138572037027113737e+00 6.132487260484117542e+01 6.318124469422770062e+00
2.112703144344411754e+01 -1.241799167857091568e+01 -3.440439204283525498e+01 4.357573112548872807e+00 6.736503173011944057e+01 6.410688047823065006e+00
2.071429170606048142e+00 1.059270575819328286e+01 3.400195297694021512e+00 5.068732510855829432e+00 7.339829698296820482e+01 6.476445019201996445e+00
8.567907329906057967e+00 1.490035626878212405e+01 1.079063147170833625e+00 4.869723581753562236e+00 7.171992400999879180e+01 6.498655772260519825e+00
-2.442734757427128045e+01 -3.731336438876851624e-01 -9.803519367354107672e-01 6.273259012521241296e+00 7.367163633312348736e+01 7.886624465745363466e+00
-3.470511518338702217e+01 1.394448215679037517e+01 3.613712543694574464e+01 6.953512294787399739e+00 5.829946397695265858e+01 8.081303452402831766e+00
-2.527039893487034661e+01 2.417805579130750360e+01 4.697694902434730579e+01 5.934169167533363876e+00 5.641905706408074650e+01 7.810118884335039979e+00
3.425083728210803091e+00 1.815431491554726406e+01 1.029995537247216397e+01 4.564116291643438572e+00 7.342520003377586590e+01 6.042597035634230451e+00
5.428055849191417792e+01 1.266436196739562625e+01 -2.012805625185898606e+01 3.683363096368595713e+00 7.227784930391882767e+01 5.363906576765209877e+00
4.703281181286484269e+01 -3.037397964314630272e+01 -5.445355007737875042e+01 3.921691466329372933e+00 5.133992111408041126e+01 5.703146955605078006e+00
-2.676436502223722425e+00 1.833299779213781022e+01 1.980737994418215209e+01 4.970369111305319443e+00 7.224326958270923171e+01 6.474257029336257574e+00
4.775312249035324896e+01 -2.965150803362499232e+01 -5.471366226647202780e+01 3.921691466329372933e+00 4.963305350268105087e+01 5.761406468548617710e+00
8.567907329906057967e+00 1.490035626878212405e+01 1.079063147170831183e+00 4.869723581753562236e+00 7.171992400999879180e+01 6.498655772260519825e+00
3.439256119293096958e+01 -1.935086479649874747e+01 -5.532992104727558313e+01 4.304476718331507357e+00 5.783908712972569077e+01 5.921380647907401595e+00
-2.393245306890097979e+01 2.534358946172195459e+01 4.696071696664617434e+01 5.966032267795820410e+00 6.371991446949690641e+01 7.809489446545203606e+00
2.482110726464393125e+01 -1.174001461413158198e+00 -2.414809859105912082e+01 3.871977202453804612e+00 6.625299993207855209e+01 6.133681834354874240e+00
2.371579945412127799e+01 3.643965591740652155e-01 -2.001698577934359946e+01 3.767623031399359057e+00 6.902789291293774454e+01 5.676102063034065281e+00
-2.129249149805620789e+01 2.520638849296862816e+01 4.147046632233579544e+01 5.732917268087853735e+00 7.103609997740585413e+01 7.127758715084127061e+00
8.567907329906057967e+00 1.490035626878212405e+01 1.079063147170833625e+00 4.869723581753562236e+00 7.171992400999879180e+01 6.498655772260519825e+00
-1.076607546873504262e+01 2.295473630992142233e+01 3.531327452543913381e+01 5.119413519107168575e+00 6.871351759297438377e+01 6.655404033580673229e+00
3.439256119293096958e+01 -1.935086479649875457e+01 -5.532992104727559735e+01 4.304476718331507357e+00 5.783908712972569077e+01 5.921380647907401595e+00
4.703281181286484269e+01 -3.037397964314630627e+01 -5.445355007737875752e+01 3.921691466329372933e+00 5.133992111408041126e+01 5.703146955605078006e+00
-2.676436502223723757e+00 1.833299779213781022e+01 1.980737994418214853e+01 4.970369111305319443e+00 7.224326958270923171e+01 6.474257029336257574e+00
3.099657928163449583e+01 -1.780256031267742856e+01 -5.022031099953199629e+01 4.038406894985374862e+00 5.508019153924576017e+01 5.678272643049048440e+00
-3.211469867300767334e+01 5.364399072699512772e+00 1.879025948410899716e+01 6.748174945679068948e+00 7.088130924298732793e+01 8.030341456351159479e+00
-2.495679750249977147e+01 3.731595109087177775e+01 6.005677430952425055e+01 7.579073603333966069e+00 7.035197225380393604e+01 7.814557891521431543e+00
-3.470511518338702217e+01 1.394448215679037517e+01 3.613712543694574464e+01 6.953512294787399739e+00 5.829946397695265858e+01 8.081303452402831766e+00
2.627784758584451552e+01 -1.223115452060937258e+01 -4.400071644001662463e+01 4.138572037027113737e+00 6.132487260484118252e+01 6.318124469422766509e+00
-4.234318591671399012e+00 1.907959883975128790e+01 2.218621536119135840e+01 4.976117744066670845e+00 7.339909740589457954e+01 6.499264938170220773e+00
4.402084679180600091e+00 1.752627444154663650e+01 8.594579540310734345e+00 4.548258888351750073e+00 7.254109180319800032e+01 5.866277364992889432e+00
2.796763460078879149e+01 -1.501564655170176721e+01 -4.690132322003991305e+01 4.124657798934421749e+00 5.619973309545162721e+01 6.174613754679942446e+00
-2.304415367973847850e+01 2.471359748193353667e+01 4.393573390512318610e+01 5.781682578667611594e+00 5.701227937909516896e+01 7.423687752286863173e+00
-2.442734757427127690e+01 -3.731336438876858286e-01 -9.803519367354105452e-01 6.273259012521240408e+00 7.367163633312348736e+01 7.886624465745363466e+00
-2.129249149805620789e+01 2.520638849296862816e+01 4.147046632233580965e+01 5.732917268087853735e+00 7.103609997740585413e+01 7.127758715084127061e+00
3.425083728210803091e+00 1.815431491554726406e+01 1.029995537247216397e+01 4.564116291643438572e+00 7.342520003377586590e+01 6.042597035634230451e+00
-3.470511518338702217e+01 1.394448215679037517e+01 3.613712543694574464e+01 6.953512294787399739e+00 5.829946397695265858e+01 8.081303452402831766e+00
2.071429170606048142e+00 1.059270575819328286e+01 3.400195297694023733e+00 5.068732510855829432e+00 7.339829698296820482e+01 6.476445019201996445e+00
8.567907329906057967e+00 1.490035626878212405e+01 1.079063147170833403e+00 4.869723581753562236e+00 7.171992400999879180e+01 6.498655772260519825e+00
-3.177596984103007394e+00 1.843487708447527851e+01 2.036770417986432946e+01 5.004919524372696493e+00 7.349644549228214885e+01 6.858392291029602461e+00
