-1.283826395024722729e+02 1.181860138864898602e+01 4.032140747118986468e+01 7.045807587997454213e+00 1.435769044797943650e+02 5.879671852293938628e+00
-8.318710796283356501e+01 5.370553385192911122e+01 8.241256563297697824e+01 9.018260333932611061e+00 1.373051710606705456e+02 6.281568898736651363e+00
-1.216082072365285569e+02 5.832313781953197918e+01 8.158054892907962596e+01 8.153449000755106368e+00 1.341370194987200364e+02 5.765972983752050141e+00
-2.356639186317840995e+01 -8.096921939302106352e+01 5.897786110201147380e+01 6.333290077402792484e+00 1.900481781022906773e+02 6.815352595988613871e+00
-7.471477008711683254e+01 4.047853879910470454e+01 5.871095963394310502e+01 8.557871929771110331e+00 1.420785962064659600e+02 5.854862110661017027e+00
-9.745902711425105736e+01 6.985786228169028789e+01 6.880246964477409222e+01 8.153449000755106368e+00 1.435692428760422388e+02 5.856443727263680898e+00
5.973604006168375946e+01 -1.376693450261197142e+02 4.579316535200933203e+01 5.799499174261074863e+00 1.930817443467921635e+02 5.113871321435482287e+00
-1.077353205860816274e+02 4.807996506689231353e+01 8.685490550062031900e+01 8.862845845614049978e+00 1.354320770718665585e+02 5.981586934633952524e+00
-7.593659379107940310e+01 6.792057258128970432e+01 6.276356864332831265e+01 8.153449000755106368e+00 1.325312321681195158e+02 5.822455051184249442e+00
2.954659416874293143e+01 1.749656789208128771e+01 -8.153128182985611261e+01 7.828338623057216950e+00 1.621660491594957705e+02 5.657893532755394972e+00
3.342122655656400809e+01 -1.617872641608241508e+02 2.357793494166530834e+01 5.865644901859378813e+00 1.905686949632599010e+02 5.016235143796507145e+00
-6.523155142472905510e+00 2.824548695077910310e+01 -2.371287655297631147e+01 7.035400374323079298e+00 1.925343865391322709e+02 5.081200279616481907e+00
-2.289521529662117061e+01 -1.743350813978373708e+02 3.688721013406477311e+01 6.606283086723678366e+00 1.946748571336319173e+02 5.814631519253097736e+00
-8.187252318127369222e+01 6.249029786700069167e+01 8.218023884160373882e+01 8.555562612707552361e+00 1.354497231447890613e+02 6.024761307997209769e+00
-1.029091753157313889e+02 4.540158050154447977e+01 8.164836903410024149e+01 8.432055941877033334e+00 1.363643648465389902e+02 6.046787662539998109e+00
-2.356639186317840995e+01 -8.096921939302107774e+01 5.897786110201147380e+01 6.333290077402792484e+00 1.900481781022906773e+02 6.815352595988613871e+00
2.650772501157634053e+01 5.547396958507145115e+01 -1.203810628031701384e+02 9.673723931335954873e+00 1.688186897236203663e+02 6.110331866512254351e+00
-5.510314078812290717e+01 6.291178937446687769e+01 4.477864435478640992e+00 7.512559503284971463e+00 1.956055405657007782e+02 4.548521233182768242e+00
-4.657852836365366045e+01 8.362950031085175340e+01 -1.652027894287527232e+01 8.440226339496996744e+00 1.989998178391126089e+02 4.923564854303563720e+00
7.916798152281079304e+00 -3.612091722167181018e+01 4.528400924066361455e+01 6.614486391521297470e+00 2.282508433719358436e+02 5.548207405824896910e+00
-5.505739996188597019e+01 -6.125174144219515426e+01 4.391808797824108268e+01 6.849225273638276157e+00 1.925430536269745687e+02 6.330982902406120161e+00
2.170664779037025838e+01 5.567192663989838053e+01 -8.304940203134627552e+01 9.003300697065785840e+00 1.954011003039645118e+02 5.387749378080812335e+00
2.887254726417788930e+01 5.864999838230093587e+01 -1.240423734140876064e+02 9.471849932281919848e+00 1.734423247076676091e+02 6.482968455910906869e+00
6.799719102257952841e+00 -1.483935376812648599e+01 2.318395662421018244e+01 7.109483097042534006e+00 2.345491632899166348e+02 5.438831945406775503e+00
-4.627213467220415488e+00 -4.565543287552637963e+01 6.958247395522867862e+01 7.644496901166667691e+00 2.000136245359300347e+02 6.741779643122967514e+00
-4.619159946140977269e+01 -6.427529865522876662e+01 5.566820234462534955e+01 6.236303367182246760e+00 1.939719760687094663e+02 6.204188339174152134e+00
2.367891499092908347e+01 6.987236657442993248e+01 -1.102601344805067072e+02 9.369977775079931348e+00 1.918695585547639837e+02 6.306112737506069266e+00
-1.211893491968610732e+02 -9.475314938421821864e+01 3.340933553938343437e+01 7.749948993985261936e+00 1.863070315366545913e+02 6.136246417912232687e+00
-2.039662390462712693e+01 4.949982825690977251e+01 -2.157132751987156638e+01 9.151851985371113329e+00 2.081521318651336969e+02 5.528678490291056846e+00
-2.356639186317840640e+01 -8.096921939302104931e+01 5.897786110201147380e+01 6.333290077402791596e+00 1.900481781022906489e+02 6.815352595988628082e+00
2.039698633283579809e+01 -6.216091853876889672e+01 7.292141366198993069e+01 7.389511394086129670e+00 1.976761176773764817e+02 6.675503678174962374e+00
2.954659416874293498e+01 1.749656789208129126e+01 -8.153128182985611261e+01 7.828338623057218726e+00 1.621660491594957705e+02 5.657893532755380761e+00
8.470739936298473083e+01 -9.148762603782712688e+01 4.117218888240011587e+00 6.697418553021277532e+00 1.252148054345012440e+02 6.204455817452540600e+00
-2.039966878422384156e+01 4.713412209871565395e+00 4.204465375785621717e+01 7.783907403962513349e+00 2.385880340670923090e+02 5.885301845412442390e+00
1.167912562492792627e+00 -1.752368334691536234e+01 4.058308843166536661e+01 7.354004736527675057e+00 2.267601982271139320e+02 5.674224096480230628e+00
3.838333792546521295e+01 -2.254797758210834147e+01 2.513539653470117941e+01 6.610424792059273358e+00 1.884368329175588883e+02 5.528171828740426008e+00
7.154507862655562178e+01 -8.102787361476941896e+01 6.617805153045610211e+01 6.238366596390264363e+00 1.820255133216220145e+02 5.606534891135282805e+00
-1.324040176822351178e+01 2.518915162172303113e+01 -1.016267479914375471e+01 7.600539742949558253e+00 2.028471037505835284e+02 5.325953392882667004e+00
2.862639267857505487e+01 -6.260123609137287559e+01 5.270300283532328223e+01 7.215927244111323802e+00 2.004704155230890876e+02 6.306506486913093568e+00
-5.457038584151479022e+00 -1.660111833930704677e+02 1.826431614842448425e+01 6.386262319338366744e+00 1.993169335505641584e+02 5.616411519589391332e+00
5.973604006168375946e+01 -1.376693450261197142e+02 4.579316535200933203e+01 5.799499174261074863e+00 1.930817443467921350e+02 5.113871321435496498e+00
-1.324040176822351000e+01 2.518915162172303113e+01 -1.016267479914376715e+01 7.600539742949558253e+00 2.028471037505835284e+02 5.325953392882667004e+00
-4.207408051698239859e+01 4.434489140836950583e+01 -3.027114969503534869e+00 8.912505424634000306e+00 2.073517000171447933e+02 5.246128948844642537e+00
-6.182133485621530866e+00 7.191427857330572238e+01 -4.665362506764928696e+01 8.541076595271249516e+00 2.016596823859444783e+02 4.981677556169628929e+00
-1.501536435352938703e+01 -5.246693443722527661e+00 4.264223467616856311e+01 8.125526558578963332e+00 2.388209528077467212e+02 5.913750603517357263e+00
-4.144503985275245839e+01 4.242741028985514617e+01 -8.543711628322025575e+00 9.033205551664671873e+00 2.011394727546037871e+02 5.277984429525105270e+00
-1.530064957399522196e+00 7.510367930013154592e+01 -5.716997790397446266e+01 8.624772147453304783e+00 2.063044110047092374e+02 5.477946849559160114e+00
2.954659416874293854e+01 1.749656789208129126e+01 -8.153128182985611261e+01 7.828338623057218726e+00 1.621660491594957705e+02 5.657893532755380761e+00
-4.497493008464096498e+00 6.014904397162332117e+01 -4.963161470013807985e+01 9.285253412432279418e+00 1.840971143174166968e+02 4.861875071263682457e+00
6.799719102257951064e+00 -1.483935376812648244e+01 2.318395662421017889e+01 7.109483097042532229e+00 2.345491632899166348e+02 5.438831945406775503e+00
-1.530064957399523973e+00 7.510367930013154592e+01 -5.716997790397446266e+01 8.624772147453304783e+00 2.063044110047092374e+02 5.477946849559160114e+00
-2.118227641883007806e+01 5.937883420561680481e+01 -2.138263663515734336e+01 8.652691267055882207e+00 1.967293254703019727e+02 4.811094470696559711e+00
2.403128326447911789e+01 5.871832609207679354e+01 -8.786885785095758195e+01 8.855655686449015462e+00 1.999463928156744714e+02 5.630674259861308428e+00
-1.630816334512284360e+00 3.468255407926397638e+00 3.240361463139952747e+01 7.209914530670849864e+00 2.375780082415037384e+02 5.511224660212164395e+00
-4.610225602094125463e+01 7.951162421907767452e+01 -1.553326434772431064e+01 8.020623777123796927e+00 1.988956698875066138e+02 4.876970352015163712e+00
-2.791669333178242063e+00 1.420147223514223533e+01 -8.550617304668406859e+00 7.579614468673547378e+00 2.026128019153775028e+02 5.231488429139261598e+00
5.438638832118642200e-03 -1.259166413452405031e+01 5.834095363186354888e+01 7.043383421095554375e+00 2.366802906876700376e+02 5.560328827977585320e+00
7.051785495840614537e+00 -1.669637613350403740e+02 2.806371000950642269e+01 6.234175619306398630e+00 1.945572152350048327e+02 5.475212262830979171e+00
-1.120513735591397264e+01 3.082712791594992296e+01 -2.737364645612607106e+01 7.332783642731942386e+00 1.930195521184317897e+02 5.209798630221342819e+00
-9.051283293814158526e+00 7.066398487497059477e+01 -4.224869314494308981e+01 8.396506569516418494e+00 2.033401091767189826e+02 5.021264177508243165e+00
-7.593659379107940310e+01 6.792057258128970432e+01 6.276356864332831265e+01 8.153449000755106368e+00 1.325312321681195158e+02 5.822455051184249442e+00
-2.356639186317840640e+01 -8.096921939302104931e+01 5.897786110201147380e+01 6.333290077402791596e+00 1.900481781022906489e+02 6.815352595988628082e+00
-4.823350175900203141e+01 -5.975850320186096809e+01 4.633326039925558604e+01 6.712456022361895869e+00 1.900758993139319557e+02 6.581758077311619104e+00
-4.627213467220414600e+00 -4.565543287552637963e+01 6.958247395522867862e+01 7.644496901166667691e+00 2.000136245359300347e+02 6.741779643122967514e+00
8.669390334538901755e+01 -7.729776918294686539e+01 6.817217277135473985e+00 6.484696622553027368e+00 1.251571412265396930e+02 6.094222398227799431e+00
