2.786048996036209147e+01 -1.014864374858161113e+02 -2.466768251543908619e+01 3.947852868852941288e+00 1.315336838988401666e+02 5.093632752630853133e+00
-1.599911200755951057e+01 -1.138097537421792396e+02 3.920650428573037516e+01 4.797142834353556040e+00 1.334509273103787734e+02 6.044117043066663086e+00
-5.221570605785068153e+00 -9.620147040212626166e+01 -1.086717108455219538e+01 4.003199268000985356e+00 1.293007637255093698e+02 5.366736579809057162e+00
-5.331191838706445196e+01 -8.801672064642772852e+01 -5.253192923107346424e+00 3.816802093523145256e+00 1.241790139274748839e+02 5.777569000974644098e+00
-5.453980256526526915e+01 -8.745571308603155103e+01 1.240442892216890636e+00 3.808977761177929633e+00 1.421553727440507373e+02 5.631504733082763892e+00
-1.053980876144188983e+02 -8.352812445209933401e+01 6.729788867870827573e+01 5.492170216957934947e+00 1.613751142524769762e+02 6.486532344199915201e+00
4.673233127920610031e+01 -6.846732359366360754e+01 2.104878325355709290e+00 3.334289653576078205e+00 1.419060516679961950e+02 4.013879364229211433e+00
1.073222483995944003e+02 -4.342418728601398215e+01 3.121524349596923997e+01 3.481617374531115860e+00 1.361243089973278870e+02 4.695937834766567676e+00
-7.237441329699652215e+01 -8.081424867291840997e+01 -1.760064384662102466e+00 4.416105187778481600e+00 1.433175756842125850e+02 5.829453201293318898e+00
3.776569173252531186e+01 -7.479362647702758693e+01 -5.217323936584533861e+00 3.247001620061021665e+00 1.455013402000132885e+02 4.036275405072544231e+00
-3.242186318708454862e-01 -8.226890037955554646e+01 -4.012922441672201579e+00 4.435899598404860811e+00 1.603796355526473860e+02 4.902793536292634258e+00
8.137370915475987943e+01 -5.524303051931835995e+01 5.181874850835743018e+01 3.555632960627107320e+00 1.458903355263809090e+02 4.444091827530527894e+00
-1.039450470032680869e+02 -7.820078878019373292e+01 6.246448484430407433e+01 5.323627312079529439e+00 1.618460611198184154e+02 6.311982479580848349e+00
5.090322922974155517e+01 -6.058681960570543623e+01 8.363692013191863950e+00 3.238271948059839644e+00 1.585755025216694776e+02 4.359484198563436053e+00
-9.314470277910719176e+01 -7.332104437291256716e+01 5.164932596204421600e+01 5.151926907349737128e+00 1.689931581455296623e+02 6.211396734216990012e+00
-6.424509621889039579e+01 -6.510168109934107861e+01 -2.282203252035849772e+01 4.105990779706562677e+00 1.395481995584321453e+02 5.239582306120865951e+00
3.595319940904477107e+01 -4.730394881936864948e+01 6.044932957263905138e+01 3.038669651491321400e+00 1.737119454729582060e+02 4.092979291567928612e+00
1.118655300395615804e+01 -6.024580431458350205e+01 -2.587186853775118678e+01 3.637466658308998291e+00 1.471485983623357470e+02 4.242167585192049728e+00
3.804929538377565734e+01 -4.096481465464670890e+01 4.626440756824590750e+01 2.920144474138412605e+00 1.802201709021495901e+02 3.862264205619439394e+00
-7.459056893012574108e+01 -5.993544984942350595e+01 -5.639642332713480144e+00 4.222599600275030340e+00 1.707811757776599961e+02 5.557731914231780479e+00
1.204077091736334104e+01 -3.144475981982860446e+01 3.171788737368825650e+01 3.711816988907993053e+00 1.800201308187504026e+02 4.103297085012385992e+00
2.979261849063020051e+01 -3.092258935754725968e+01 4.643783127873258820e+01 3.295222606025611789e+00 1.863589211709490314e+02 4.145523360067443264e+00
-9.037954735022266561e+01 -6.202494804549117902e+01 3.435585837569428236e+01 5.076779707755481930e+00 1.612338053883242139e+02 5.939274872779932934e+00
-7.655003017403733168e+01 -5.607291413323878260e+01 -9.792899407295969638e+00 4.405766525016168167e+00 1.708857147335610307e+02 5.641427089979643483e+00
2.618312021606004336e+01 -2.134069808032648652e+01 3.018658334337167304e+01 3.432688417319635032e+00 1.938896335547622698e+02 4.219637825013677457e+00
4.114820071608757246e+01 -2.584896876174997971e+01 5.363899871341401848e+01 3.200524272170115481e+00 1.836126357307688011e+02 3.951615879031777467e+00
2.417809397790574621e+01 -2.402545643730877600e+01 4.375167813160226160e+01 3.594641524073491468e+00 1.865218217796513045e+02 4.272349462733060932e+00
-4.420261518374546483e+01 -3.193259782011861958e+01 -1.752877723849558933e+01 4.742558398475040349e+00 1.644458801551440388e+02 5.500955612256987592e+00
3.436119104462518692e+01 -1.870431048233932358e+01 3.930981078293282138e+01 3.330047329710922988e+00 1.911695255525838206e+02 4.043747199517710555e+00
4.319087048821897667e+01 -1.043267355380692507e+01 6.331755838269725700e+01 3.252827221108950617e+00 1.840191837825610719e+02 3.916326790794130375e+00
-3.055870425516201028e+00 -2.058434737300165196e+01 4.430464111394758930e+01 4.852637724667051344e+00 1.939504060320575718e+02 5.358598217972087241e+00
1.064296468657910921e+01 -2.145236017329819234e+01 9.964914270871403801e+00 3.990530621171408665e+00 1.730494943650515438e+02 4.362996078048141158e+00
-4.420261518374546483e+01 -3.193259782011861958e+01 -1.752877723849558578e+01 4.742558398475040349e+00 1.644458801551440672e+02 5.500955612256973382e+00
-1.016619346535558179e+02 -4.615128251900869572e+01 5.056102377968779393e+01 5.706210555111569604e+00 1.732158768704532008e+02 6.434605597060055970e+00
6.307579234658533096e+01 2.597100336940447285e+00 1.077352887466540494e+02 4.043026447665742928e+00 1.640522706334782868e+02 4.048338251212456385e+00
5.057581110161923021e+01 -4.209434064222528526e+00 1.086229807573108275e+02 3.713120816190202955e+00 1.716579738899419851e+02 4.206183266452498515e+00
9.526567942588653182e+01 -7.753891320937241538e+00 6.490711936054862008e+01 3.300136796274505180e+00 1.569569686251617213e+02 4.094059550376400125e+00
3.842013321187602770e+01 -1.151246234495148846e+00 8.184540669453089379e+01 3.935949196339699085e+00 1.746831130933954910e+02 4.504166679808562890e+00
5.280822595975230627e+01 5.986218473705173793e-01 9.708858475401605403e+01 3.851970419801228562e+00 1.642553728192779658e+02 4.221441408770388648e+00
6.819426257220652587e+01 5.263944604785388393e+00 1.006200294770312240e+02 3.928202170795187520e+00 1.673318484329865896e+02 4.166056718699110206e+00
4.491885900685500133e+01 4.724137614894067028e+00 8.039611631675522574e+01 3.857601604657853844e+00 1.730247019936748814e+02 4.348724277451481157e+00
1.069617675175922074e+02 1.613824660205731831e+01 6.643424180761040532e+01 3.547187515514596434e+00 1.581973135043702428e+02 4.348242531131575106e+00
5.709364393859460307e+01 8.312613832747359766e+00 9.293584235306134644e+01 3.890738903550873040e+00 1.650325043741383695e+02 4.206621813969320556e+00
5.152936309211478516e+01 7.080701873280860426e+00 9.732232936505900511e+01 4.007685332833205827e+00 1.674617568282382365e+02 4.516430326714441890e+00
1.358095436985254594e+02 1.723520036343430917e+01 3.546778814099128851e+01 4.348930423859884264e+00 1.365122338840002953e+02 4.957350910574618297e+00
1.027758915008480614e+02 3.217926936980996544e+01 7.672400895180254565e+01 3.882049117761830370e+00 1.578782679788450025e+02 4.507765293894195224e+00
1.225706062310759137e+02 5.250725125510695079e+01 4.518191542896251178e+01 5.055678338053223975e+00 1.430316748136579861e+02 5.468966288445827217e+00
6.937990488962964264e+01 6.296151175158185964e+01 7.963743567363069076e+01 4.693697454825263016e+00 1.766675974818246004e+02 4.679543715963220052e+00
8.313205726986440780e+00 4.711427895226074014e+01 5.401785493975165764e+01 5.601782971602133898e+00 2.048092466174317963e+02 5.558692220217366753e+00
1.629866224133431984e+01 2.327937734038882667e+01 6.783613769180344377e+01 4.918219986712432323e+00 2.126612976072515266e+02 5.393819756309667923e+00
4.135346803299336926e+01 1.319381588296746699e+01 3.767399428148685558e+01 3.897742751814343709e+00 1.857982507990858494e+02 4.274337413099502214e+00
4.319087048821897667e+01 -1.043267355380692507e+01 6.331755838269724990e+01 3.252827221108950617e+00 1.840191837825611003e+02 3.916326790794116164e+00
-1.088372964965806773e+02 -7.463562172624247637e+01 5.987641538505673822e+01 5.646649487774581644e+00 1.697326942577651891e+02 6.786516983484347065e+00
2.618312021606004336e+01 -2.134069808032648652e+01 3.018658334337168014e+01 3.432688417319635032e+00 1.938896335547622982e+02 4.219637825013663246e+00
-2.549487405146674845e+01 -8.652335978693540142e+01 -1.965289694525532704e+00 4.023176534448285047e+00 1.383995213142010812e+02 4.994056470743743148e+00
-6.616519865091419206e+01 -6.463017221439764626e+01 -1.480251927874411244e+01 4.105990779706562677e+00 1.668792976974675639e+02 5.223956988159642378e+00
6.531263761462682282e+01 8.287677766671391666e+00 9.947375315569783538e+01 3.855755485206646682e+00 1.673506124876751073e+02 4.162555752001125597e+00
-7.443272739982592157e+01 -4.585775388009609088e+01 -2.282923094000061326e+00 4.595706911715940812e+00 1.686471093733894975e+02 5.725581205883372604e+00
1.903387724611775766e+01 8.548463690879598786e+00 5.033526156459402756e+01 4.206628216449100677e+00 2.042619090775370410e+02 4.785072674180241847e+00
2.440077219202802894e+01 -1.473174007583894962e+01 1.568278058481970660e+01 3.634562199137750582e+00 1.828190635573872385e+02 4.238164874179304320e+00
-9.697950711679322922e+01 -8.631595005422708766e+01 6.869530476941353925e+01 5.492170216957934059e+00 1.608316200254166120e+02 6.431959100838867016e+00
-3.868253749450283863e+01 -1.500335433771635074e+01 2.919978763559676338e+01 4.092487445169765259e+00 2.115758670075582870e+02 5.366044720124293121e+00
2.877794735599372444e+01 2.069553880824789971e+01 2.784479905496175434e+01 4.211762108601615928e+00 1.861351928035104208e+02 4.623815068240446635e+00
1.110836869772459181e+02 7.263059637374892930e+01 1.886436433272929492e+01 5.100431141689021786e+00 1.662141615506934045e+02 5.063648494632687402e+00
6.033422134046134921e+00 -6.215622114898267547e+00 -1.346368281409333534e+01 4.038624459568253222e+00 2.203505105508040174e+02 4.582489561275579604e+00
-2.212317313578866163e+01 -2.921672918328046009e+01 -2.262184628722442881e+01 5.362457771250658922e+00 1.781023301363573239e+02 5.477993792989678923e+00
-9.250793238698354060e+01 -7.767700530101559764e+01 5.441191197622413256e+01 5.130382209786254144e+00 1.670640894986112812e+02 6.084203079980312623e+00
7.337872333435664984e+01 6.287726691972334692e+01 8.437256203378095165e+01 4.637064099012547125e+00 1.814556350737005914e+02 4.702340170239352801e+00
